stop_id,stop_name,stop_lat,stop_lon,stop_code
100,Targ Rybny 01,54.353580634248,18.657885945142,100
114,Wrzeszcz PKP 03,54.381253546303,18.604424365171,114
115,Wrzeszcz PKP 04,54.381304369344,18.604267394066,115
120,Oliwa 07,54.40925535602,18.56703671594,120
122,Jelitkowo Kapliczna 03,54.421516773069,18.602044852812,122
124,Zaspa SKM 02,54.389296732771,18.594343533292,124
125,Nowy Port Szaniec Zachodni 02,54.3961220882,18.672855896311,125
135,Równa 01,54.324194208898,18.640885875548,135
142,Górki Wschodnie 01,54.350366814685,18.793061113217,142
146,Lipuska 01,54.338634257941,18.510838958824,146
147,Bysewo 05,54.37483465504,18.463652463606,147
150,Matemblewo 01,54.366589648054,18.54885345613,150
171,Pruszcz Gdański Komarowo 01,54.247403363825,18.651059304671,171
173,Stogi Plaża 03,54.372445597971,18.72865604615,173
175,Św. Wojciech 01,54.28478161807,18.638084600181,175
178,Kiełpino Górne 01,54.341981978272,18.498835021333,178
194,Zakoniczyn 01,54.319806011476,18.577349188006,194
205,Siedlce 03,54.348310449541,18.606480227902,205
213,Strzyża PKM 03,54.391121840927,18.578169554319,213
334,Chełm Cienista 03,54.337544558232,18.626244378423,334
390,Łostowice Świętokrzyska 04,54.322625471,18.605988486549,390
1014,Dworzec Główny 05,54.355478149075,18.645911377304,1014
1016,Dworzec Główny 07,54.355269813844,18.6458309466,1016
1017,Dworzec Główny 12,54.355410768586,18.64522262879,1017
1024,Tamka 01,54.359077229923,18.705335781257,1024
1028,Brama Wyżynna 05,54.350662296265,18.646509963532,1028
1036,Chłodna 02,54.343318675497,18.662747151251,1036
1037,Żabi Kruk 04,54.346381990196,18.65152485424,1037
1042,Brama Żuławska 03,54.347508531406,18.668818435153,1042
1045,Dickensa 01,54.357386158921,18.690207655627,1045
1046,Andruszkiewicza 03,54.366537699611,18.69255740129,1046
1048,Wawelska 01,54.330138085316,18.607197784321,1048
1049,Wawelska 02,54.330275661551,18.60688215525,1049
1050,Sucharskiego 03,54.359899840688,18.690497564679,1050
1052,Królowej Bony 01,54.330007453071,18.602883082815,1052
1059,Baza Manipulacyjna 01,54.353819050843,18.757971230367,1059
1063,Łowicka 01,54.355063618561,18.77080078304,1063
1064,Łęczycka 02,54.3559937195,18.763255009557,1064
1069,Sucharskiego - PKP 01,54.376516687304,18.682727410363,1069
1080,Muzeum Westerplatte – Terminal Promowy 02,54.402959708796,18.682484392498,1080
1087,Europejskie Centrum Solidarności 01,54.362913548653,18.65010419137,1087
1089,Siennicka 01,54.357450909271,18.679060364728,1089
1092,Przetoczna 02,54.360646935655,18.672769081262,1092
1099,Brama Żuławska 04,54.347434472646,18.66963819774,1099
1103,Węzeł Elbląska 02,54.348918655111,18.69212928013,1103
1107,Tarcice 02,54.351151388187,18.710702199864,1107
1113,Rejenta 01,54.342348734497,18.605503547853,1113
1114,Zosi 02,54.343513618073,18.611205874125,1114
1122,Ostroroga 01,54.387686206092,18.624227927085,1122
1123,Klonowicza 01,54.386926119123,18.629462676502,1123
1125,Leszczyńskich 03,54.400166926419,18.606172306066,1125
1130,Sobieszewo 01,54.34362509958,18.826256587292,1130
1148,Przystań 01,54.334365973918,18.934192031439,1148
1153,Uzdrowiskowa 02,54.322267963752,18.931661404146,1153
1155,Świbnieńska III 02,54.314938269641,18.93041478173,1155
1156,Przegalińska 01,54.30988014072,18.925349538656,1156
1158,Benzynowa 01,54.340868080065,18.749445147901,1158
1161,Oczyszczalnia 02,54.342073486329,18.757210645995,1161
1167,Zagroble 02,54.346810473753,18.785404136749,1167
1168,Migdałowa 02,54.341930001463,18.583156207954,1168
1172,Nowa Gdańska 02,54.397024932015,18.634210917297,1172
1177,Tęczowa 02,54.348144018494,18.810691707079,1177
1181,Ornitologów 02,54.349255254284,18.797660262022,1181
1186,Olszynka Niwki 01,54.335912731663,18.677258977071,1186
1187,Zawodzie 01,54.339321450193,18.686697751368,1187
1188,Maki 01,54.34510509326,18.674709333539,1188
1193,Wróbla 01,54.34057391137,18.657964168954,1193
1195,Urząd Wojewódzki / Marszałkowski 02,54.342771108895,18.646145526288,1195
1201,Zaroślak 02,54.341788208286,18.642309034131,1201
1202,Brama Oruńska 01,54.339765209451,18.640455531937,1202
1205,Stare Szkoty 02,54.335615179073,18.636031993572,1205
1206,Sandomierska 01,54.332401156719,18.634878157065,1206
1211,Gościnna 02,54.323250798908,18.631281763339,1211
1212,Nowiny 01,54.319240855436,18.630343536826,1212
1216,Ukośna 01,54.31161538581,18.629782518889,1216
1233,Uranowa 01,54.326111061223,18.620397273531,1233
1234,Dom Pomocy Społecznej 01,54.309897959269,18.620180117698,1234
1236,Zaroślak 03,54.34191539441,18.641917098799,1236
1240,Reformacka 01,54.342547105596,18.6305719288,1240
1245,Rondo Kuronia 02,54.341813887023,18.54800517331,1245
1250,Odrzańska 03,54.345149444042,18.625759794042,1250
1255,Chałubińskiego 04,54.342237295735,18.617126729962,1255
1262,Zakopiańska 04,54.34884692844,18.619052485427,1262
1266,Zielony Stok 01,54.345586205149,18.596067288562,1266
1268,Pagórkowa 01,54.345053618387,18.591451366648,1268
1271,Myśliwska 02,54.343803795738,18.581107453436,1271
1274,Damroki 01,54.338672666947,18.564239000966,1274
1275,Damroki 02,54.338986299736,18.563743505723,1275
1280,Węzeł Karczemki 01,54.347310361664,18.527918947535,1280
1282,Karczemki 01,54.349635146085,18.512436045232,1282
1285,Inżynierska 02,54.352259205082,18.500642246548,1285
1287,Kokoszki 02,54.354894527042,18.49030841308,1287
1295,Pólnicy 02,54.340495130429,18.559223104228,1295
1296,Unimor 01,54.364013969199,18.472386601897,1296
1297,Unimor 02,54.364227523251,18.47228111103,1297
1299,Centrostal 02,54.365549358787,18.469721201798,1299
1300,Schronisko dla zwierząt "Promyk" 01,54.369131684517,18.462218080751,1300
1301,Instal 02,54.367092958664,18.466593207575,1301
1302,Otomińska 01,54.34411361756,18.510615417197,1302
1304,Kiełpino Szkoła 01,54.339764580099,18.508108889567,1304
1305,Otomińska 02,54.343525644063,18.510004703907,1305
1306,Lawendowe Wzgórze 03,54.328462679807,18.569718591232,1306
1308,Szkoła Podstawowa nr 6 01,54.326281318536,18.568539916526,1308
1313,Kielecka 02,54.33370627396,18.590899664266,1313
1321,Niepołomicka 02,54.320359905424,18.595140047902,1321
1331,Płowce 02,54.355990099954,18.630275206799,1331
1346,Nowolipie 01,54.349747797796,18.598286547518,1346
1347,Matejki 02,54.374816677171,18.613037540986,1347
1349,Siedlicka 02,54.370035909423,18.611313385918,1349
1354,Jarowa 01,54.364597800276,18.61226030413,1354
1357,Schumana 02,54.359196727221,18.603738282488,1357
1358,Schumana 01,54.359264039165,18.604411644127,1358
1361,Na Wzgórzu - Teatr Leśny 02,54.370310482122,18.597070714257,1361
1362,Sobótki 01,54.374396140988,18.605424339627,1362
1367,Dobrowolskiego 02,54.360667164476,18.589552384715,1367
1370,Dobrowolskiego 01,54.36053984524,18.589929281711,1370
1373,Budapesztańska 04,54.355844687676,18.578137260146,1373
1379,Brętowo PKM 04,54.36472792622,18.572380107519,1379
1387,Srebrniki 02,54.378851755977,18.579123261865,1387
1391,Potokowa 02,54.37372572139,18.566521232311,1391
1399,Agrarna 02,54.376792786374,18.507575000519,1399
1401,Astronautów 02,54.377220887339,18.5039300901,1401
1405,Wrzeszczańska 01,54.390615959506,18.633332049863,1405
1408,Klukowo 01,54.388979077939,18.482250867991,1408
1416,Rakietowa 01,54.369238826243,18.482781833739,1416
1420,Bysewo 03,54.374976768237,18.463997879521,1420
1423,Ogrody Działkowe "Rębiechowo" I 02,54.378871762616,18.448326208572,1423
1426,Przyrodników 01,54.384473465537,18.431836376665,1426
110,Muzeum II Wojny Światowej 02,54.357610723461,18.658949523117,110
116,Wrzeszcz PKP 05,54.381347128935,18.604157095491,116
117,Oliwa PKP 04,54.411139542445,18.57221153255,117
123,Przymorze SKM 03,54.401827371374,18.576305852414,123
134,Chełm Cienista 02,54.337687325994,18.626189995916,134
137,Olszynka Szkoła 02,54.341838317545,18.668939423559,137
139,Górki Zachodnie 01,54.354769542472,18.782159489139,139
151,Suchanino 01,54.354108692995,18.607374322207,151
160,Galaktyczna 01,54.428123736317,18.486218293783,160
176,Kukawka 01,54.443930342959,18.457546395024,176
183,Kampinoska 01,54.316288027813,18.60329664045,183
184,Olimpijska 01,54.305596293584,18.58110499727,184
196,Żukowo Urząd Gminy 03,54.341442721786,18.355140132614,196
201,Jelitkowo 02,54.423210218812,18.592726717388,201
211,Strzyża PKM 07,54.390811243548,18.578819446503,211
221,Łostowice Świętokrzyska 01,54.322493962357,18.605703925732,221
300,Baza Hallera T1,54.397216624219,18.621550824037,300
342,Górki Wschodnie 02,54.350801992482,18.790806388001,342
1002,Rybaki Górne 01,54.358115850383,18.655796185571,1002
1011,Plac Komorowskiego 03,54.382560207042,18.615021446904,1011
1020,Dworzec Główny 11,54.355107577565,18.64580944404,1020
1021,Dworzec Główny 08,54.356313548578,18.645417240602,1021
1023,Dworzec Główny 06,54.356981353507,18.645548343816,1023
1032,Cygańska Góra 04,54.359085818568,18.618567875494,1032
1038,Żabi Kruk 03,54.346754053819,18.651703673985,1038
1041,Długie Ogrody 01,54.347778873331,18.663740397511,1041
1051,Królowej Bony 02,54.329949051416,18.603563280145,1051
1055,Steczka 01,54.359618937385,18.740708257105,1055
1056,Sówki 02,54.361452227347,18.730617474992,1056
1062,Baza Manipulacyjna 02,54.3536475209,18.756964825317,1062
1070,Sucharskiego - PKP 02,54.371826052906,18.683299608698,1070
1081,Ku Ujściu 03,54.380214830033,18.680563174241,1081
1082,Ku Ujściu 04,54.378180853651,18.678106165403,1082
1083,Borska 01,54.348302013858,18.478968467507,1083
1088,Żarnowiecka 02,54.345570865087,18.678822232842,1088
1090,Siennicka 02,54.356773752656,18.679375599717,1090
1104,Błonia 01,54.351407815636,18.703855022732,1104
1108,Michałki 01,54.34719964854,18.718015736464,1108
1110,Rafineria 01,54.344036766024,18.721899207542,1110
1112,Rejenta 02,54.342192420925,18.605328001251,1112
1115,Zosi 01,54.343474502954,18.61059267042,1115
1117,Świtezianki 02,54.34570720017,18.613479078931,1117
1118,Soplicy 01,54.345039012379,18.606978159376,1118
1121,Chrobrego 01,54.38814850368,18.615760081116,1121
1129,Olsztyńska 04,54.405478251946,18.604275583979,1129
1131,Radosna 01,54.344552715335,18.829346462469,1131
1134,Pole Namiotowe 01,54.342390291996,18.86483196884,1134
1136,Lazurowa 01,54.341660596003,18.872885526465,1136
1137,Lazurowa 02,54.341329296568,18.873979597143,1137
1145,Kempingowa 02,54.336643248705,18.915033400124,1145
1150,Świbnieńska I 01,54.329590765718,18.933031826003,1150
1160,Oczyszczalnia 01,54.342168882803,18.757990127564,1160
1164,Płońska 01,54.347049574908,18.773973694551,1164
1165,Płońska 02,54.346960052472,18.773993922122,1165
1166,Zagroble 01,54.346931405588,18.78513604449,1166
1174,Jodowa 01,54.345856958455,18.820414806785,1174
1179,Nadwiślańska 02,54.348947217749,18.803939743633,1179
1183,Sierpowa 01,54.337864434021,18.674041239204,1183
1184,Bratki 01,54.334633707825,18.671070101267,1184
1185,Gęsia 01,54.33082112839,18.667301733933,1185
1190,Muzeum Narodowe 01,54.344770080855,18.648154681011,1190
1192,Dolna 01,54.343342643399,18.658883754819,1192
1194,Urząd Wojewódzki / Marszałkowski 01,54.342904306471,18.646060979734,1194
1197,Brama Nizinna 02,54.340961136103,18.648295291085,1197
1199,Mostowa 02,54.335185615943,18.649471157603,1199
1200,Zaroślak 01,54.341588581811,18.642674341843,1200
1208,Rejtana 01,54.328420893142,18.634076124819,1208
1209,Rejtana 02,54.328150532962,18.633584077135,1209
1218,Niegowska 01,54.301408554252,18.6314451557,1218
1219,Węzeł Lipce 02,54.298041569793,18.632576070243,1219
1229,Małomiejska 02,54.329463035369,18.618511691239,1229
1230,Małomiejska 01,54.329075449013,18.617549685627,1230
1238,Cmentarna 01,54.340786011105,18.635658239945,1238
1241,Wronki 01,54.342250971339,18.628311796378,1241
1246,Cieszyńskiego 03,54.338262380947,18.609787369507,1246
1247,Sikorskiego 03,54.338847618107,18.61892291164,1247
1253,Drwęcka 01,54.34489734106,18.61798834903,1253
1254,Chałubińskiego 03,54.342127973064,18.617963916289,1254
1257,Dworzec PKS 03,54.357032999528,18.643128880301,1257
1260,Urząd Miejski 02,54.351356244063,18.639237149283,1260
1263,Zakopiańska 03,54.348996042997,18.617043309006,1263
1265,Siedlce 06,54.348546357641,18.606589621948,1265
1267,Zielony Stok 02,54.346060084635,18.598193917179,1267
1269,Pagórkowa 02,54.345010412038,18.590638358245,1269
1270,Myśliwska 01,54.344144618314,18.581964500066,1270
1272,Lipowa 01,54.339456289899,18.576362557223,1272
1273,Lipowa 02,54.339972127693,18.576532211246,1273
1278,Jasień Działki 01,54.344322258432,18.542270174016,1278
1279,Jasień Działki 02,54.344624834467,18.541236536762,1279
1281,Węzeł Karczemki 02,54.347322329897,18.528502994338,1281
1283,Karczemki 02,54.35038362156,18.509497535855,1283
1286,Fabryczna 01,54.35306668633,18.494929387736,1286
1290,Nowatorów 03,54.364022273477,18.491737592205,1290
1291,Nowatorów 02,54.365072544186,18.490364954482,1291
1310,Cmentarz Łostowicki 02,54.339936618559,18.601289700349,1310
1316,Płocka 03,54.329094224497,18.598552497062,1316
1317,Płocka 04,54.329276475112,18.597772795155,1317
1319,Orląt Lwowskich 02,54.323200157452,18.602786968501,1319
1322,Przebiśniegowa 01,54.315846342639,18.593758111561,1322
1323,Przebiśniegowa 02,54.316129089442,18.593510954746,1323
1326,Starogardzka 04,54.301617001096,18.60694692034,1326
1327,Starogardzka 01,54.301868302666,18.608285011804,1327
1339,Kurpińskiego 02,54.355249766465,18.596487931668,1339
1340,Nad Jarem 01,54.353761105166,18.614335720574,1340
1345,Jaśkowa Dolina 05,54.377827751533,18.606656695505,1345
1351,Kręta 02,54.367009035773,18.612813161859,1351
1355,Pomorskie Szkoły Rzemiosł 02,54.361985205789,18.611072656873,1355
1360,Schuberta 01,54.357779514321,18.600280596009,1360
1368,Strzelnica 01,54.365019721885,18.589174224094,1368
1376,Budapesztańska 03,54.355696328519,18.578807825498,1376
1378,Brętowo PKM 03,54.364115450079,18.573663215621,1378
1383,Galeria Bałtycka 06,54.38219172012,18.596900047181,1383
1388,Niedźwiednik PKM 03,54.377970149782,18.574616803873,1388
1389,Niedźwiednik PKM 02,54.377417813943,18.572632023885,1389
1393,Potokowa 03,54.374503209256,18.566737005318,1393
1394,Słowackiego Działki 01,54.370578780624,18.55626814545,1394
1395,Słowackiego Działki 02,54.371006611465,18.555642231793,1395
1397,Harfowa 02,54.376547996893,18.524945131325,1397
1400,Astronautów 01,54.377083796369,18.502952824153,1400
1404,Śmigłowa 01,54.37976633629,18.483215445695,1404
1410,Spadochroniarzy 02,54.385705248355,18.470575565522,1410
1415,Rakietowa 02,54.370087606933,18.481236356118,1415
1419,Bysewo 04,54.375436713892,18.462783767121,1419
1422,Ogrody Działkowe "Rębiechowo" II 01,54.377158954083,18.454915905356,1422
1425,Przyrodników 02,54.384249053792,18.432697547592,1425
1433,Ogrodowa 02,54.369500583184,18.570989891323,1433
1437,Potokowa - Matemblewska 02,54.366529763856,18.563205770679,1437
1443,Kopalniana 01,54.390312986098,18.617020923911,1443
101,Port Lotniczy 01,54.382631612416,18.467622660464,101
118,Oliwa PKP 02,54.410948497356,18.572993437591,118
119,Oliwa PKP 03,54.411662177226,18.574060965136,119
121,Żabianka SKM 02,54.421119459602,18.570033575688,121
143,Przegalina 01,54.311238663189,18.917071600416,143
153,Niedźwiednik 01,54.380010733575,18.559449997617,153
158,Sztutowska 01,54.353945634401,18.71868830277,158
159,Jelitkowo 06,54.423437310172,18.593746331061,159
191,Łostowice Świętokrzyska 06,54.323348106842,18.606161813134,191
199,Jasień Pólnicy 01,54.34110710622,18.561033165075,199
208,Nowy Port Góreckiego 01,54.400050460557,18.670984786667,208
292,Zajezdnia NOWY PORT T1,54.397108531207,18.673662810791,292
301,Dworzec PKS 09,54.355189978507,18.642203216228,301
314,Wrzeszcz PKP 01,54.381320552595,18.605082704902,314
320,Oliwa 09,54.409680497284,18.567612593078,320
321,Żabianka SKM 01,54.421135256341,18.570371794521,321
325,Nowy Port Szaniec Zachodni 01,54.396259080559,18.673433581032,325
1001,Aksamitna 01,54.358501767049,18.652064660441,1001
1004,Toruńska 01,54.345583270123,18.645600071079,1004
1006,Łagiewniki 01,54.358500562635,18.649694314557,1006
1009,Plac Solidarności 04,54.35938322942,18.647473540957,1009
1022,Dworzec Główny 13,54.354954321072,18.645787428002,1022
1025,Hucisko 04,54.351993323265,18.644694806127,1025
1026,Hucisko 03,54.351712523042,18.644126061155,1026
1033,Brama Wyżynna 04,54.350305166404,18.645714750625,1033
1044,Elbląska 05,54.349135471838,18.67020362737,1044
1047,Kaczeńce - Sienna 01,54.358710663633,18.69789100141,1047
1053,Sówki 01,54.361415462792,18.729618949825,1053
1057,Kępna 01,54.359137666404,18.745737149876,1057
1058,Steczka 02,54.359852480764,18.740218268242,1058
1060,Kępna 02,54.359012570294,18.747221649749,1060
1061,Łęczycka 01,54.355860576508,18.763831709241,1061
1065,Wosia Budzysza 01,54.360862898287,18.691967426664,1065
1072,Ku Ujściu 02,54.377388235414,18.679429056113,1072
1079,Muzeum Westerplatte – Terminal Promowy 01,54.403488228946,18.682855215692,1079
1085,Brodnicka 01,54.345740100021,18.47683251437,1085
1097,Kujawska 01,54.376725780704,18.670242409164,1097
1101,Miałki Szlak 02,54.348830392563,18.68423989981,1101
1102,Miałki Szlak 01,54.349264873319,18.680183610608,1102
1106,Tarcice 01,54.352359942583,18.708541974834,1106
1109,Michałki 02,54.347012773173,18.71764139981,1109
1111,Rafineria 02,54.343101990648,18.723335688733,1111
1119,Soplicy 02,54.345033717682,18.60807097388,1119
1127,Meissnera 02,54.402784537431,18.60398579736,1127
1128,Olsztyńska 03,54.405491322805,18.604028260419,1128
1132,Kanałowa 01,54.342822883008,18.839146093851,1132
1142,Trałowa Szkoła 01,54.337118519775,18.910809665965,1142
1143,Trałowa Szkoła 02,54.337038609426,18.909829180639,1143
1144,Kempingowa 01,54.336551717911,18.916499438276,1144
1152,Uzdrowiskowa 01,54.322595516004,18.93189101279,1152
1162,Naftowa 01,54.342868107253,18.769522380337,1162
1170,Cedrowa 02,54.339170164701,18.586302928962,1170
1171,Cedrowa 01,54.339480198562,18.585623184267,1171
1173,Nowa Gdańska 01,54.396855525102,18.634282296839,1173
1175,Jodowa 02,54.346196935508,18.819827486829,1175
1176,Tęczowa 01,54.34837878771,18.80926352976,1176
1178,Nadwiślańska 01,54.348895596998,18.803573180603,1178
1180,Ornitologów 01,54.349094438003,18.798699879321,1180
1196,Brama Nizinna 01,54.340525010204,18.64805864195,1196
1198,Mostowa 01,54.336346699646,18.648620310392,1198
1203,Brama Oruńska 02,54.339405936566,18.639553004618,1203
1204,Stare Szkoty 01,54.335933138812,18.636659868611,1204
1210,Gościnna 01,54.323269734952,18.631788188434,1210
1215,Ukośna 02,54.310945751746,18.629559650749,1215
1220,Kokoszki PKP 01,54.361867400272,18.491437922066,1220
1221,Ostróżek 02,54.290362776185,18.636627945235,1221
1228,Ptasia 01,54.330152451614,18.626578047412,1228
1231,Platynowa 03,54.326298209889,18.611219753868,1231
1232,Platynowa 01,54.327313210157,18.61117628537,1232
1239,Stoczniowców 02,54.343254917108,18.631823679212,1239
1244,Rondo Kuronia 01,54.341757512659,18.547885438997,1244
1251,Odrzańska 04,54.345648675488,18.625546354596,1251
1252,Worcella 01,54.341151765,18.626359552094,1252
1256,Węzeł Elbląska 01,54.349025703839,18.690676749207,1256
1264,Emaus 01,54.347458047406,18.604298477086,1264
1277,Źródlana 02,54.342007976452,18.553578913034,1277
1284,Inżynierska 01,54.351552868795,18.502131819908,1284
1289,Transportowców 02,54.358087051186,18.4912219892,1289
1292,Kokoszki Poczta 01,54.363854790595,18.48110992072,1292
1293,Kokoszki Poczta 02,54.363921123284,18.479550968851,1293
1298,Centrostal 01,54.366360386161,18.4676698489,1298
1303,Schronisko dla zwierząt "Promyk" 02,54.369490747394,18.461764808464,1303
1307,Kiełpino Szkoła 02,54.339579287075,18.507843158833,1307
1309,Emaus 03,54.346675369183,18.602912932772,1309
1314,Przemyska 03,54.333406435813,18.596147462789,1314
1315,Przemyska 06,54.331959398252,18.595262805018,1315
1324,Przemian 01,54.304902524424,18.603989207775,1324
1325,Przemian 02,54.304475470444,18.60421386218,1325
1328,Hevelianum 01,54.352763473835,18.634893354279,1328
1329,Hevelianum 02,54.352467564258,18.635849152817,1329
1332,Wyczółkowskiego 01,54.357088767158,18.619868611676,1332
1333,Wyczółkowskiego 02,54.356183201378,18.617258243949,1333
1334,Wagnera 01,54.355731606685,18.613513497402,1334
1338,Kurpińskiego 01,54.355240689071,18.596934808788,1338
1343,Park Naukowo - Technologiczny 01,54.354579867634,18.595803673285,1343
1348,Uphagena 01,54.376683320845,18.615146690239,1348
1350,Siedlicka 01,54.370095264967,18.612495491433,1350
1356,Pomorskie Szkoły Rzemiosł 01,54.360945544665,18.609870759799,1356
1359,Schuberta 02,54.35742208284,18.599485657801,1359
1364,Na Wzgórzu - Teatr Leśny 01,54.370653033852,18.598020717092,1364
1366,Falista 01,54.367620922392,18.592932355314,1366
1371,Warneńska 04,54.357862163474,18.58280554312,1371
1380,Kolumba 03,54.360334668727,18.577888400109,1380
1381,Kolumba 04,54.360117030331,18.577347056445,1381
1386,Srebrniki 01,54.378907075987,18.580536823469,1386
1392,Rybacka 01,54.424281907587,18.57753959358,1392
1398,Agrarna 01,54.376279920719,18.509731212695,1398
1403,Firoga PKM 02,54.379022306144,18.488928404233,1403
1407,Wojnarskiego 01,54.384565112101,18.48614083202,1407
1413,Nowatorów 04,54.3656179851,18.490654987543,1413
1414,Nowatorów 01,54.365282369955,18.493539007128,1414
1417,Kosmonautów 02,54.37282597652,18.473323309286,1417
1421,Ogrody Działkowe "Rębiechowo" II 02,54.377691822535,18.453327502443,1421
1424,Ogrody Działkowe "Rębiechowo" I 01,54.378522833183,18.44925649414,1424
1434,Ogrodowa 01,54.371393043077,18.570323828833,1434
1436,Dolne Młyny 01,54.366482287335,18.568427690219,1436
1439,Podkarpacka 01,54.377979089506,18.566130938904,1439
1445,Drzewieckiego 01,54.395442966603,18.612764060311,1445
1448,Czarny Dwór 02,54.406751315827,18.616360249942,1448
1452,Biała 01,54.378018679482,18.6153926438,1452
1454,Bora-Komorowskiego 04,54.408961247098,18.587320236443,1454
1467,Kołobrzeska 06,54.404282110522,18.593404487378,1467
1470,Krynicka 01,54.403306111187,18.587744804714,1470
1473,Obrońców Wybrzeża 02,54.409171936126,18.59743322055,1473
1475,Przymorze Wielkie 02,54.41024370353,18.603411985696,1475
1479,Zaspa Szpital 02,54.402336611659,18.609959749788,1479
1481,Leszczyńskich 02,54.399196099246,18.606629464579,1481
1483,Rzeczypospolitej 02,54.396339667362,18.603575837349,1483
102,Port Lotniczy 02,54.382731667792,18.467678105692,102
103,Port Lotniczy 03,54.382795163309,18.467704998868,103
128,Migowo 03,54.352862414818,18.576465883798,128
130,Chełm Cienista 01,54.338305899272,18.627015892551,130
132,Orunia Górna 01,54.325188900112,18.618312716366,132
154,Oliwa ZOO 01,54.413526419218,18.535171030335,154
161,Osowa PKP 03,54.420590458644,18.451931326658,161
167,Chełm Więckowskiego 01,54.333977033609,18.615835542358,167
172,Smęgorzyno 01,54.342023311184,18.473213585809,172
195,Jaworzniaków 01,54.317985029149,18.568614205177,195
202,Oliwa 03,54.409679860125,18.567134865364,202
203,Zaspa 03,54.39987504029,18.595557800698,203
204,Zaspa 04,54.399277581755,18.594899411517,204
210,Brzeźno Dom Zdrojowy 01,54.407339872936,18.638070585094,210
220,Chełm Witosa 01,54.337737413345,18.617787095713,220
310,Muzeum II Wojny Światowej 01,54.357383511448,18.659285676678,310
313,Wrzeszcz PKP 06,54.382122660945,18.603372642571,313
359,Jelitkowo 05,54.423136615393,18.593995206557,359
1000,Plac Solidarności 03,54.358384373199,18.647422894646,1000
1013,Dworzec Główny 18,54.35489561965,18.645082800869,1013
1015,Dworzec Główny 14,54.355238952263,18.64517089447,1015
1019,Dworzec Główny 10,54.355555345443,18.645260530727,1019
1029,Chłodna 01,54.343251944427,18.662550913752,1029
1030,Brama Wyżynna 03,54.350517419788,18.646456689009,1030
1031,Cygańska Góra 03,54.359135320303,18.617887733975,1031
1035,Pomorskie Szkoły Rzemiosł 04,54.360647998013,18.613459275713,1035
1043,Bajki 01,54.356344809079,18.6818470167,1043
1054,Stogi 06,54.361568630064,18.717249760973,1054
1066,Łowicka 02,54.355201341518,18.77047012043,1066
1086,Brodnicka 02,54.345809380184,18.477136032181,1086
1091,Przetoczna 01,54.360754101948,18.672732234422,1091
1093,Przejazd Kolejowy 01,54.36779176392,18.673596580403,1093
1094,Przejazd Kolejowy 02,54.367401474645,18.673403112761,1094
1098,Kujawska 02,54.376479759138,18.670071558365,1098
1100,Mostek 01,54.349360422667,18.674407430082,1100
1105,Błonia 02,54.351158419063,18.703976659236,1105
1116,Domeyki 01,54.34504897374,18.611563031195,1116
1120,Chrobrego 02,54.387988192565,18.617201901905,1120
1124,Klonowicza 02,54.386893135673,18.629156518155,1124
1126,Meissnera 01,54.401565402444,18.603255644757,1126
1133,Kanałowa 02,54.342738579315,18.839458232818,1133
1135,Pole Namiotowe 02,54.342313545231,18.864559008432,1135
1138,Orlinki 01,54.340253968598,18.886450566348,1138
1139,Orlinki 02,54.340125981284,18.886841750335,1139
1140,Kwiatowa 01,54.339402971459,18.893817191185,1140
1141,Kwiatowa 02,54.339180458056,18.894459324567,1141
1146,Węgorzowa 01,54.336149562657,18.925503478205,1146
1147,Węgorzowa 02,54.335997937969,18.92609566717,1147
1149,Przystań 02,54.334398741577,18.934005800035,1149
1151,Świbnieńska I 02,54.329416428977,18.932825244797,1151
1154,Świbnieńska III 01,54.314942223779,18.930645209699,1154
1157,Przegalińska 02,54.309933490672,18.924270726977,1157
1159,Benzynowa 02,54.340774742917,18.749742569945,1159
1163,Naftowa 02,54.342849122496,18.769954217738,1163
1169,Migdałowa 01,54.341995936554,18.58330620169,1169
1207,Sandomierska 02,54.332400192033,18.634370586651,1207
1213,Nowiny 02,54.317587522494,18.629469839184,1213
1214,Urząd Dozoru Technicznego 01,54.315805305835,18.629357069316,1214
1217,Niegowska 02,54.302789559272,18.630812460318,1217
1222,Ostróżek 01,54.291738145491,18.636164969389,1222
1223,Św. Wojciech 02,54.286323144142,18.637842709524,1223
1227,Ptasia 02,54.330324238334,18.627998662346,1227
1235,Dom Pomocy Społecznej 02,54.309992492277,18.619959420772,1235
1237,Zaroślak 04,54.341780963453,18.641478600593,1237
1243,Kokoszki PKP 02,54.361725280239,18.492385626461,1243
1248,Pohulanka 03,54.348484284835,18.637185883491,1248
1249,Pohulanka 04,54.34890597809,18.636684628936,1249
1261,Bema 01,54.350729130124,18.632009293736,1261
1288,Transportowców 01,54.359430640722,18.491417151504,1288
1311,Cmentarz Łostowicki 01,54.340129277922,18.601032308445,1311
1312,Kielecka 01,54.333911024228,18.592149121011,1312
1318,Orląt Lwowskich 01,54.323047810284,18.602811210631,1318
1320,Niepołomicka 01,54.320196436166,18.595057318118,1320
1330,Płowce 01,54.355800620474,18.63023994247,1330
1335,Wagnera 02,54.355929474127,18.612609318408,1335
1336,Otwarta 01,54.355984932762,18.603617457325,1336
1337,Otwarta 02,54.356089144054,18.602980335086,1337
1341,Kielecka 03,54.334764156541,18.591653122163,1341
1342,Wileńska 01,54.361821479518,18.594687853704,1342
1344,Park Naukowo - Technologiczny 02,54.354627310153,18.595477689936,1344
1352,Kręta 01,54.366741170176,18.612905682596,1352
1353,Jarowa 02,54.364040612523,18.611815409776,1353
1363,Falista 02,54.36788807477,18.593255436242,1363
1365,Strzelnica 02,54.365464390413,18.588932635543,1365
1369,Piecewska 02,54.358367295294,18.586931845052,1369
1372,Piecewska 01,54.358257635409,18.587292301328,1372
1382,Galeria Bałtycka 05,54.382959780928,18.598903575646,1382
1385,Chrzanowskiego 02,54.380130996194,18.586886877005,1385
1390,Potokowa 01,54.374652503095,18.568791591567,1390
1396,Harfowa 01,54.37607110343,18.523172110029,1396
1402,Firoga PKM 01,54.378814210823,18.488432895572,1402
1406,Wrzeszczańska 02,54.390609091895,18.633440276032,1406
1409,Radiowa 02,54.390027020552,18.475608849218,1409
1411,Agrarna 03,54.376027912137,18.507975543972,1411
1418,Kosmonautów 01,54.372233818227,18.474668525578,1418
1432,Chrzanowskiego 01,54.379933200407,18.586436467931,1432
1435,Dolne Młyny 02,54.366647924879,18.567725095822,1435
1438,Potokowa - Matemblewska 01,54.36569149907,18.561762076573,1438
1441,Kilińskiego 02,54.385363945199,18.603168291317,1441
1442,Legionów 04,54.38742577273,18.611489082799,1442
1453,Bora-Komorowskiego 07,54.408721686254,18.586579151115,1453
1458,Jagiellońska 01,54.412977743057,18.591723584182,1458
1460,Park Reagana 01,54.414173171123,18.598481607551,1460
1463,Olsztyńska 02,54.406386703482,18.60429965645,1463
1464,Olsztyńska 01,54.406198440597,18.604326045912,1464
1472,Obrońców Wybrzeża 01,54.408858279629,18.594323057424,1472
1474,Przymorze Wielkie 01,54.410526460938,18.603164307514,1474
1476,Czarny Dwór 01,54.40763896149,18.613966293824,1476
1477,Czarny Dwór 03,54.406699606163,18.614652685554,1477
1487,Pomorska 04,54.419192991829,18.584237195582,1487
1488,Piastowska 05,54.416782545134,18.586876135101,1488
1499,Wyzwolenia 01,54.400485905128,18.660960325047,1499
1504,Stary Rynek Oliwski 01,54.408729828101,18.557928854136,1504
1511,Sopocka 02,54.430028418794,18.47624840836,1511
1513,Nowa 02,54.43252940172,18.471175391273,1513
1518,Niedziałkowskiego 01,54.43129232459,18.463202230856,1518
1522,Konstelacji 01,54.421369776168,18.453501701654,1522
1523,Nowy Świat 02,54.418723761292,18.450382288792,1523
1525,Tysiąclecia 02,54.417372257553,18.592097857004,1525
1532,Park Oliwski 01,54.409490656113,18.561767378923,1532
1533,Oliwa 06,54.409316986752,18.567418356695,1533
1544,Siemiradzkiego 02,54.390561292256,18.570407860218,1544
1547,Koziorożca 02,54.420070385087,18.469090885055,1547
1550,Konkordii 01,54.424483992363,18.457085868196,1550
1552,Archikatedra Oliwska 01,54.410779766403,18.557051770473,1552
1571,Iławska 02,54.439562177037,18.458449464203,1571
1573,Myśliborska 02,54.441886110244,18.451410817448,1573
1585,Doroszewskiego 01,54.389244107545,18.56883747551,1585
1589,Krasickiego 04,54.405964484629,18.644514044731,1589
1446,Korczaka 01,54.399254322614,18.608659893451,1446
1447,Zaspa Szpital 01,54.403826175205,18.612092053615,1447
1455,Czerwony Dwór 05,54.412373461384,18.588923078392,1455
1456,Czerwony Dwór 04,54.411458365968,18.587666746306,1456
1459,Park Reagana 02,54.414084602171,18.598548440095,1459
1465,Opolska 02,54.405134575383,18.597838853124,1465
1468,Kołobrzeska 05,54.40432062499,18.594434679751,1468
1469,Krynicka 02,54.403625309293,18.587972613827,1469
1471,Chłopska 01,54.408236787999,18.591107702076,1471
1482,Dywizjonu 303 01,54.393115417285,18.600112747897,1482
1484,Chłopska 02,54.40848015214,18.59113966391,1484
1485,Pilotów 01,54.392323802497,18.598279541089,1485
1489,Piastowska 06,54.415117063062,18.586758210489,1489
1491,Dworska 03,54.404125140906,18.627253046849,1491
1492,Dworska 04,54.404407647633,18.625618723358,1492
1493,PCK 01,54.404417373556,18.632521656979,1493
1495,Brzeźno Dom Zdrojowy 05,54.407108617219,18.63911638942,1495
1517,Niedziałkowskiego 02,54.430277832565,18.461985085504,1517
1524,Nowy Świat 01,54.418608668004,18.450466513782,1524
1530,Poznańska 01,54.414497197405,18.580043506209,1530
1536,Cmentarz Oliwski 02,54.413460529924,18.557138918714,1536
1537,Bobrowa 01,54.419452804802,18.560497546186,1537
1545,Cmentarz Oliwski 01,54.413446932817,18.557355512883,1545
1549,Zeusa 02,54.422707615548,18.461959785635,1549
1551,Konkordii 02,54.424267758248,18.456636732808,1551
1553,Jelitkowo Kapliczna 01,54.422006773053,18.601368749162,1553
1555,Jelitkowo 03,54.423897204366,18.596525274043,1555
1556,Jelitkowo 04,54.423761376245,18.596024466099,1556
1558,Karczemki 04,54.350916808338,18.512681780169,1558
1567,Fundamentowa 01,54.35573708164,18.492781295944,1567
1568,Montażystów 02,54.35864220223,18.497606994382,1568
1572,Iławska 01,54.439206380422,18.459057590535,1572
1575,Siedleckiego 02,54.429366426653,18.469103609307,1575
1576,Siedleckiego 01,54.429918047539,18.469686382941,1576
1581,Sopocka 03,54.428946050598,18.479090449934,1581
1582,Bratki 02,54.334757724569,18.670509288486,1582
1583,Montażystów 01,54.358520742362,18.49695248703,1583
1588,Norblina 02,54.388085188766,18.57155544967,1588
1599,Uniwersytet Medyczny 04,54.367343453529,18.63160732042,1599
1601,Mostek 02,54.348949891056,18.673630411256,1601
1606,Łanowa II 01,54.3261449906,18.672811107289,1606
1610,Złota Karczma 02,54.374749398356,18.521850414874,1610
1611,Mjr Słabego 02,54.372392673188,18.522223384157,1611
1614,Kołobrzeska 04,54.402404120246,18.592096867705,1614
1617,Kościuszki 04,54.387582745834,18.622169864801,1617
1621,Bażyńskiego 04,54.399533978846,18.567766448418,1621
1625,Strzyża PKM 04,54.390846904112,18.577908469697,1625
1626,Uniwersytet Gdański 03,54.39529459442,18.572423585277,1626
1628,Strzyża PKM 05,54.391397752877,18.577583316,1628
1631,Galeria Bałtycka 04,54.381464192014,18.599191127035,1631
1644,Polsat Plus Arena Gdańsk 03,54.386978176846,18.64866722994,1644
1645,Polsat Plus Arena Gdańsk 04,54.387346932716,18.64821485108,1645
1647,Swojska 04,54.378980279284,18.633185559039,1647
1653,Drzewieckiego 02,54.394992010976,18.613144595837,1653
1660,Dworkowa 01,54.344414838092,18.681349310851,1660
1661,Akademia Muzyczna 04,54.344529228008,18.664909555453,1661
1665,Opacka 04,54.413766592507,18.566060452752,1665
1666,Opacka 03,54.415237958454,18.566358593132,1666
1668,Górskiego 01,54.420061590973,18.565271074481,1668
1671,Przesypownia 02,54.416694665649,18.459464310575,1671
1675,Szczecińska 02,54.402549398611,18.581825932567,1675
1681,Boguckiego 02,54.337966220206,18.904228568568,1681
1682,Dobra 01,54.341204728534,18.655266546794,1682
1683,Miałki Szlak 03,54.348707703487,18.683000330648,1683
1684,Szadółki 01,54.328399171516,18.55191070977,1684
1685,Szadółki 02,54.328304389328,18.551670240151,1685
1686,Przywidzka 01,54.325227534485,18.549346101569,1686
1687,Przywidzka 02,54.324337973222,18.547599562086,1687
1689,Na Szańcach 02,54.344687536345,18.673101886717,1689
1691,Politechnika SKM 03,54.375606502719,18.626188488479,1691
1697,Grzybowa 02,54.360671393777,18.461339077967,1697
1698,Grzybowa 01,54.360970840629,18.461043511725,1698
1705,Łanowa I 01,54.328253916892,18.670292561819,1705
1708,Modra II 01,54.321809169126,18.6927865488,1708
1711,Modra IV 01,54.329301502648,18.684076486156,1711
1713,Łucznicza 02,54.307721118791,18.595646704805,1713
1721,Gostyńska Szpital 02,54.347395677515,18.510647786094,1721
1728,Skarżyńskiego 01,54.386923161647,18.601105783928,1728
1733,Śmigłowa 02,54.380970749814,18.48234085221,1733
1737,Skarżyńskiego 02,54.386446910648,18.60247363107,1737
1748,Kopeckiego 02,54.337077050621,18.613486886902,1748
1750,Ogrody Działkowe "Rębiechowo" III 01,54.373886221444,18.468576959064,1750
1759,Falowa 02,54.342988716054,18.835860202315,1759
1762,Pomorska 03,54.420101656427,18.585170333564,1762
1773,Kolonia Mysia 02,54.331797866423,18.642634739719,1773
1774,Głucha 01,54.327823888693,18.641231755542,1774
1780,Sikorskiego 04,54.338065228823,18.620275851773,1780
1784,Maćkowy 02,54.308284447396,18.613139875155,1784
1793,Abrahama 02,54.393797150682,18.581123875302,1793
1794,Abrahama 01,54.392676999045,18.583546819447,1794
1796,Wojska Polskiego 03,54.387732185788,18.59072285818,1796
1797,Łapińska 02,54.339761037241,18.500985466534,1797
1800,Liliowa 01,54.315238710087,18.591241111517,1800
1802,Złota Karczma 01,54.374993725014,18.52192808598,1802
1809,Połczyńska 02,54.333405619353,18.542137054463,1809
1810,Połczyńska 01,54.333418777316,18.541459403364,1810
1838,Miedza 02,54.335117458554,18.661689578998,1838
1840,Hala "Olivia" 01,54.401460833871,18.574170260023,1840
1846,Nad Jarem 02,54.355013801306,18.615402053789,1846
1850,Zacna 01,54.350616935252,18.563178319064,1850
1852,Przywidzka 03,54.324574788067,18.549077325768,1852
1859,Knyszyńska 01,54.313930799842,18.603203063279,1859
1861,Osiedle Jary 02,54.335518195821,18.601070131217,1861
1865,Płocka 06,54.3289957308,18.599927187858,1865
1886,Owczarnia 01,54.412895909707,18.481108478882,1886
1887,Klukowo 04,54.389362600372,18.482535465225,1887
1888,Klukowo 03,54.389358756447,18.482782172347,1888
1902,Hokejowa 01,54.309636734452,18.588032351282,1902
1910,Grudziądzka 04,54.396149196168,18.622583213131,1910
1917,Szpital Zakaźny 02,54.364703624805,18.616703246624,1917
1918,Radarowa 02,54.393147125457,18.485107518614,1918
1921,Centrum Medycyny Inwazyjnej 02,54.36622606857,18.619139883561,1921
1930,Szczęśliwa 02,54.349011177099,18.528001480935,1930
1932,Porębskiego 02,54.31755482069,18.582540634664,1932
1933,Porębskiego 01,54.317639380075,18.582274261099,1933
1935,Kiełpinek 02,54.354124310867,18.525262590651,1935
1943,Sobieszewska Pastwa 2 02,54.312561761762,18.873387807936,1943
1960,Elfów 02,54.316250776739,18.569546859299,1960
1962,Baśniowa 01,54.319273330609,18.564739847333,1962
1965,Czermińskiego 02,54.322757454221,18.55476810667,1965
1971,Jabłoniowa Osiedle 02,54.331736271253,18.56354162928,1971
1992,AmberExpo 02,54.386656622939,18.636347915618,1992
1999,al. Płażyńskiego 05,54.402765059064,18.623463939468,1999
2008,Chodowieckiego 02,54.363881783335,18.638456955434,2008
2011,Traugutta 01,54.369228260995,18.629620446749,2011
2012,Traugutta 02,54.369041802773,18.629738965056,2012
2015,Opera Bałtycka 01,54.372142686457,18.624679273233,2015
2016,Politechnika 02,54.37394117716,18.621511168949,2016
2017,Politechnika 01,54.374039346487,18.621474695403,2017
1592,Plac Wolności 02,54.399127116939,18.668325407435,1592
1593,Jaśkowa Dolina 04,54.377613058728,18.608070555392,1593
1597,Opera Bałtycka 04,54.372455443808,18.623213835202,1597
1598,Opera Bałtycka 05,54.373207719748,18.623524515929,1598
1608,Wilka-Krzyżanowskiego 03,54.388541128915,18.58172584492,1608
1618,Legionów 03,54.388003338547,18.610238647997,1618
1622,Obrońców Westerplatte 03,54.408367432684,18.563128603512,1622
1623,Uniwersytet Gdański 04,54.395625901448,18.5714642181,1623
1633,Emaus 04,54.348229743324,18.602868593331,1633
1634,Galeria Bałtycka 07,54.38323467357,18.59916475353,1634
1641,Marynarki Polskiej 04,54.397852150912,18.667011120825,1641
1646,Swojska 03,54.379447429167,18.63454469004,1646
1652,Wyspiańskiego 03,54.376850523646,18.62362200074,1652
1657,Świbnieńska II 02,54.325891465246,18.93223311626,1657
1659,Bysewo 02,54.373941102314,18.462629657181,1659
1662,Akademia Muzyczna 03,54.344872898983,18.664551547753,1662
1664,Kamienna Grobla 01,54.341777630193,18.655603190604,1664
1669,Nadwodna 01,54.422813167223,18.563967055333,1669
1673,Jeziorowa 01,54.332747552142,18.559313020629,1673
1692,Sucharskiego 04,54.359593484362,18.69093035703,1692
1695,Wróbla 02,54.340599657411,18.657901162396,1695
1704,Kopeckiego 01,54.337256195695,18.612999586925,1704
1706,Łanowa III 01,54.322310850435,18.677241398344,1706
1709,Modra I 01,54.31626568196,18.685916086615,1709
1718,Oliwa PKP 05,54.411634942321,18.573153236331,1718
1722,Gostyńska Szpital 01,54.347947831414,18.510829841499,1722
1723,Piekarnicza 03,54.352119364388,18.591884397463,1723
1724,Piekarnicza 04,54.351226942795,18.59221362199,1724
1725,Sobótki 02,54.37472990863,18.605481899514,1725
1730,Odyseusza 01,54.430912172688,18.48197659876,1730
1735,Karskiego 02,54.363728542752,18.556274774776,1735
1736,Karskiego 01,54.363544028291,18.556485862869,1736
1740,Beniowskiego 01,54.40945123795,18.579015401808,1740
1745,Góralska 01,54.375614960117,18.563914802889,1745
1747,Spadochroniarzy 01,54.38705378996,18.47186351123,1747
1751,Ogrody Działkowe "Rębiechowo" III 02,54.374214499579,18.467940798204,1751
1752,Zaspa SKM 01,54.389551222973,18.594482680765,1752
1755,Rozstaje 04,54.388397002828,18.607874407441,1755
1756,Srebrna 01,54.312826192742,18.596486731776,1756
1763,Sobieszewska 02,54.346980325242,18.815923763067,1763
1770,Olszyńska 01,54.334090590412,18.655102352625,1770
1771,Przybrzeżna 03,54.334903624761,18.64791813433,1771
1772,Kolonia Mysia 01,54.331846369218,18.642816552465,1772
1775,Głucha 02,54.327405108144,18.640963497646,1775
1781,Saturna 02,54.414643134027,18.446597162482,1781
1783,Maćkowy 01,54.308124029624,18.613210656555,1783
1788,Wodnika 01,54.416293179608,18.47761677268,1788
1789,Wieżycka 02,54.318090242715,18.586830287639,1789
1790,Wieżycka 01,54.318058320602,18.587032063147,1790
1792,Przymorze SKM 01,54.401408126967,18.576469261453,1792
1795,Karczemki 03,54.349340927854,18.510376258092,1795
1804,Szadółki Obwodnica 01,54.323150802071,18.542718030566,1804
1832,Targ Drzewny 01,54.351439717839,18.649035591124,1832
1835,Żuraw 01,54.350904084541,18.657084086485,1835
1849,Wołkowyska 02,54.351214398583,18.568283170431,1849
1860,Srebrna 03,54.311885993042,18.597125803012,1860
1864,Rogalińska 01,54.330889267381,18.600662886561,1864
1866,Płocka 05,54.328861955044,18.599981125537,1866
1872,Staw Wróbla 01,54.350474254445,18.556569225747,1872
1878,Milskiego 01,54.338031378045,18.602677611257,1878
1883,Marsa 02,54.420120680814,18.478368254086,1883
1894,Bażyńskiego 05,54.398729903667,18.568907988383,1894
1895,Bora-Komorowskiego 06,54.407455306055,18.588888132157,1895
1901,Hokejowa 02,54.310497084804,18.588796868095,1901
1909,Zbieżna 02,54.366954651401,18.4879253304,1909
1912,Opera Bałtycka 06,54.372822819131,18.624978746448,1912
1914,Traugutta 03,54.368074029515,18.629440618146,1914
1916,Szpital Zakaźny 01,54.363786661706,18.61624834645,1916
1919,Radarowa 01,54.393262563857,18.485470196947,1919
1923,Zabytkowa 02,54.379186503244,18.587758518339,1923
1926,Niedźwiednik PKM 01,54.37750198991,18.574582816661,1926
1927,Chrzanowskiego 03,54.380498966917,18.588205149001,1927
1928,Przytulna 02,54.348216303282,18.533527657134,1928
1929,Przytulna 01,54.348383762535,18.53336373446,1929
1942,Sobieszewska Pastwa 2 01,54.31258189122,18.873509764787,1942
1944,Marynarska 01,54.315473035165,18.869239998839,1944
1946,Sobieszewska Pastwa 1 01,54.31909529739,18.86565446534,1946
1947,Sobieszewska Pastwa 1 02,54.31934705078,18.865149366496,1947
1953,Sobieszewko 02,54.328389745494,18.843886622308,1953
1955,Sobieszewko Ośrodek 02,54.334616814178,18.840222651622,1955
1959,Elfów 01,54.315670523965,18.569750217777,1959
1961,Baśniowa 02,54.318874238673,18.565455431055,1961
1963,Rębowo 02,54.322453196501,18.558830882065,1963
1964,Rębowo 01,54.322230342542,18.559812965942,1964
1980,Wilanowska 03,54.337098626904,18.59962424163,1980
1981,Przemyska 05,54.332759985885,18.594385392026,1981
1984,Jeleniogórska 01,54.328594490903,18.582538893415,1984
1985,Jeleniogórska 02,54.328784906458,18.582620008442,1985
1991,AmberExpo 01,54.38723548077,18.636068183514,1991
1993,Żaglowa - AmberExpo 04,54.384351454178,18.64120886514,1993
1997,al. Płażyńskiego 04,54.401078716395,18.623653928582,1997
2001,Dworzec Główny 01,54.355509268069,18.645663338186,2001
2007,Chodowieckiego 01,54.364041913598,18.638370792509,2007
2009,Uniwersytet Medyczny 01,54.366896568928,18.633572881379,2009
2013,Opera Bałtycka 03,54.372180421514,18.624769479192,2013
2014,Opera Bałtycka 02,54.371948464819,18.624859860907,2014
2019,Miszewskiego 01,54.3758473096,18.615148972722,2019
2023,Klonowa 01,54.379966177885,18.602974715247,2023
2026,Wojska Polskiego 02,54.387012606403,18.590703418126,2026
2045,Oliwa 01,54.410012090339,18.567115186723,2045
2049,Subisława 01,54.416747832838,18.573483065085,2049
2056,Osiedle Wejhera 02,54.42042839255,18.5844265758,2056
2071,Wyspiańskiego 01,54.376543399179,18.623547352605,2071
2073,Reja 01,54.379049702446,18.622540108175,2073
2074,Reja 02,54.378904210362,18.622456119543,2074
2079,Legionów 01,54.38705227842,18.610786835904,2079
2081,Bajana 01,54.389854289327,18.608374960161,2081
2091,Kołobrzeska 01,54.403392539657,18.591622885397,2091
2095,Czerwony Dwór 01,54.411824614072,18.587999722513,2095
2107,Chmielna 02,54.345362306623,18.657337894208,2107
2108,Chmielna 01,54.345474567305,18.657100695752,2108
2113,Brama Żuławska 01,54.347773038398,18.669480539857,2113
2136,Dworzec PKS 02,54.356658852479,18.643304222904,2136
2142,Paska 01,54.350066139189,18.630293060483,2142
2144,Ciasna 01,54.349128754833,18.624683911772,2144
2149,Siedlce 02,54.348168775552,18.607042454225,2149
2150,Siedlce 01,54.348352330364,18.607231837419,2150
2153,Węzeł Kliniczna 01,54.376594853649,18.630735788191,2153
2155,Swojska 01,54.379526437085,18.634447743777,2155
2156,Swojska 02,54.378883916409,18.633314305271,2156
2159,Mostostal 02,54.385765150357,18.645009195644,2159
2162,Polsat Plus Arena Gdańsk 01,54.387260732798,18.648404619389,2162
2163,Śnieżna 01,54.39187389701,18.657260335975,2163
2164,Śnieżna 02,54.392277371192,18.657668676971,2164
2169,Władysława IV 01,54.39869484397,18.674343371694,2169
2171,Mickiewicza 03,54.383857009397,18.621969495059,2171
2174,Kolonia Uroda 01,54.392295931481,18.622297734268,2174
2179,al. Płażyńskiego 01,54.401585174324,18.62243817882,2179
1498,Zespół Szkół Morskich 02,54.403338757954,18.65463427931,1498
1500,Wyzwolenia 02,54.399966459702,18.662453635245,1500
1502,Władysława IV 02,54.39980640342,18.675112476148,1502
1505,Karwieńska 02,54.411400432053,18.546873433317,1505
1506,Karwieńska 01,54.410692068853,18.548734386686,1506
1507,Rynarzewo 02,54.42181562372,18.536955030371,1507
1509,Osowa Obwodnica 02,54.42887655073,18.496055948849,1509
1514,Nowa 01,54.431280343501,18.473349514284,1514
1516,Barniewicka 01,54.434186071183,18.467433855166,1516
1520,Biwakowa 01,54.428152268793,18.460944671786,1520
1526,Tysiąclecia 01,54.417323755356,18.593272208182,1526
1529,Poznańska 02,54.414027497631,18.579932463523,1529
1534,Oliwa 08,54.410079827641,18.565569980205,1534
1535,Sarnia 01,54.416114824075,18.558584100656,1535
1543,Siemiradzkiego 01,54.39063219971,18.57080418925,1543
1559,Startowa 03,54.396870453049,18.598167890745,1559
1561,Karczemki Szkoła 01,54.352494963248,18.510739544494,1561
1562,Karczemki Szkoła 02,54.352677412748,18.51217522957,1562
1563,Maciejkowa 01,54.353882340286,18.505222578461,1563
1565,Św. Brata Alberta 01,54.356081111639,18.503734800187,1565
1566,Św. Brata Alberta 02,54.356128868744,18.503870430967,1566
1574,Myśliborska 01,54.44169468237,18.452564105185,1574
1577,Sołdka 02,54.426212816461,18.472628427249,1577
1578,Sołdka 01,54.426157011189,18.472539353319,1578
1580,al. Płażyńskiego 06,54.401262400234,18.622025420265,1580
1586,Doroszewskiego 02,54.389266085955,18.568589709609,1586
1595,Teatr Miniatura / Radio Gdańsk 04,54.375168273251,18.61763673612,1595
1600,Uniwersytet Medyczny 03,54.367666037836,18.632928183757,1600
1607,Wilka-Krzyżanowskiego 04,54.388469948972,18.581314130383,1607
1613,Kołobrzeska 03,54.40472384913,18.59031205244,1613
1616,Żwirki i Wigury 03,54.392171966113,18.606021769575,1616
1619,Obrońców Westerplatte 04,54.408261203486,18.562765035122,1619
1620,Kościuszki 03,54.38792313083,18.621195163313,1620
1627,Zamenhofa 04,54.386814935374,18.584861811748,1627
1629,Wojska Polskiego 04,54.386469321054,18.59185967677,1629
1630,Zamenhofa 03,54.386996677507,18.584958956919,1630
1639,Jednorożca 02,54.423622029417,18.478569450562,1639
1640,Marynarki Polskiej 05,54.397948306689,18.666404787775,1640
1655,Mickiewicza 04,54.382618619288,18.621625281348,1655
1656,Świbnieńska II 01,54.326849570232,18.932538768002,1656
1658,Bysewo 01,54.373736135576,18.462288132865,1658
1667,Górskiego 02,54.418765796138,18.565209174582,1667
1672,Jeziorowa 02,54.334602875897,18.559479986971,1672
1674,Szczecińska 01,54.402376287119,18.582159710319,1674
1676,Jaworowa 02,54.338787556577,18.559693557096,1676
1690,Politechnika SKM 04,54.375128561154,18.626570242621,1690
1693,Stokrotki 02,54.33253583162,18.666250917208,1693
1703,Kokoszki 01,54.353888880943,18.490800688538,1703
1710,Modra III 01,54.326364359106,18.687486794066,1710
1717,Cieszyńskiego 04,54.338387790586,18.609764705999,1717
1726,Belgradzka 03,54.356459909131,18.587305342749,1726
1729,Chopina 01,54.389895197375,18.586945262395,1729
1732,Terminal - Cargo 01,54.382375957317,18.476017043218,1732
1734,Platynowa 02,54.326728009408,18.609318405441,1734
1741,Beniowskiego 02,54.409400563555,18.576937816578,1741
1742,Świętokrzyska 02,54.324423569176,18.603730854948,1742
1749,Radiowa 01,54.389821831265,18.47611440119,1749
1758,Falowa 01,54.343075335444,18.836178754244,1758
1760,Stokrotki 01,54.332614867277,18.666154144123,1760
1761,Gospody 01,54.419827564705,18.582704552217,1761
1764,Sobieszewska 01,54.347129940347,18.813761578102,1764
1765,Oriona 02,54.417394947737,18.455150998577,1765
1767,Hynka 02,54.396740055351,18.588022405835,1767
1778,Oliwa 05,54.409196578796,18.568581358027,1778
1785,Keplera 02,54.416450247772,18.467942115404,1785
1798,Łapińska 01,54.339418687128,18.50225248486,1798
1803,Szadółki Obwodnica 02,54.322982389032,18.5428357298,1803
1808,Potęgowska 01,54.331387090522,18.54631848976,1808
1811,Dębinki 01,54.363418123363,18.631771696275,1811
1827,Forsycji 02,54.342376008303,18.858447701647,1827
1833,Obrońców Westerplatte 05,54.408745521504,18.563599339196,1833
1836,Katarzynki 01,54.354255480929,18.653753619422,1836
1837,Heweliusza 01,54.356331041728,18.652311630854,1837
1845,Sąsiedzka 02,54.370520847743,18.503813183841,1845
1847,Suchanino 02,54.354792967716,18.60742689027,1847
1848,Wołkowyska 01,54.350699186279,18.569929522522,1848
1851,Zacna 02,54.350713969085,18.56041781672,1851
1853,Staw Wróbla 02,54.350216448256,18.554937847269,1853
1854,Czermińskiego 01,54.322405105161,18.552466762521,1854
1856,Szmaragdowa 01,54.314763188651,18.599402885653,1856
1869,Miedza 01,54.335529002411,18.66205080721,1869
1870,Zagony 01,54.336335071852,18.658651344362,1870
1877,Dambka 02,54.3743904054,18.688575311661,1877
1884,Marsa 01,54.420891577619,18.478690897305,1884
1889,Kontenerowa 02,54.380375449076,18.695045857612,1889
1896,Bora-Komorowskiego 05,54.406889477424,18.589815161907,1896
1900,Terminal DCT 01,54.382979599614,18.706219828371,1900
1906,Telewizyjna 01,54.398819713857,18.485099309109,1906
1908,Zakład Utylizacyjny 01,54.322902320435,18.540672010759,1908
1920,Centrum Medycyny Inwazyjnej 01,54.366270179295,18.619553004572,1920
1924,Cmentarz Srebrzysko 01,54.377970105445,18.580884548108,1924
1925,Cmentarz Srebrzysko 02,54.378148591559,18.579026058371,1925
1931,Szczęśliwa 01,54.34913388882,18.528286507638,1931
1934,Kiełpinek 01,54.354931109794,18.523397889611,1934
1936,Przegalińska Schronisko 01,54.31393599673,18.911385028353,1936
1939,Dulkowa 02,54.315790850434,18.901204729761,1939
1941,Komary 02,54.315716851025,18.893351621273,1941
1945,Marynarska 02,54.315365803293,18.869276292381,1945
1951,Wieniecka 02,54.32470974163,18.85327581575,1951
1952,Sobieszewko 01,54.328525834751,18.843956403058,1952
1956,Osiedle Świętokrzyskie 02,54.313690098733,18.570958666037,1956
1969,Leszczynowa 02,54.330928243778,18.55692887773,1969
1994,Żaglowa - AmberExpo 03,54.384142255153,18.641544307985,1994
1996,Uczniowska 02,54.400472467308,18.625738271015,1996
1998,al. Płażyńskiego 03,54.403114313755,18.622026097862,1998
2005,Brama Oliwska 01,54.362118147645,18.641590732821,2005
2006,Brama Oliwska 02,54.361922095845,18.641678937666,2006
2027,Wojska Polskiego 01,54.38706156812,18.590454097109,2027
2028,Zamenhofa 02,54.386902830459,18.585210921036,2028
2029,Zamenhofa 01,54.386914323969,18.584886779062,2029
2031,Wilka-Krzyżanowskiego 01,54.388502436884,18.581589487045,2031
2034,Strzyża PKM 02,54.391112886107,18.577723343256,2034
2036,Uniwersytet Gdański 02,54.395719099722,18.571628182397,2036
2040,Tetmajera 02,54.402708200196,18.565575343444,2040
2042,Derdowskiego 02,54.405581123618,18.563602095556,2042
2052,Pomorska - Osiedle 02,54.418341043004,18.578059662638,2052
2057,Helska 01,54.421586558586,18.588397476701,2057
2061,Plac Solidarności 01,54.360637117356,18.647694326707,2061
2063,Stocznia SKM 01,54.36420906631,18.643241246816,2063
2064,Stocznia SKM 02,54.364576002553,18.642696811946,2064
2065,Stocznia Północna 01,54.371945034387,18.633836750637,2065
2069,Politechnika SKM 01,54.375402996811,18.626354221785,2069
2070,Politechnika SKM 02,54.375362939336,18.62660291294,2070
2080,Legionów 02,54.386970244401,18.610729991159,2080
2085,Jana Pawła II 01,54.394636898493,18.601579909985,2085
2087,Startowa 01,54.397028811094,18.597542357952,2087
2088,Startowa 02,54.396704536071,18.597961892787,2088
2184,Dworska 02,54.40419837594,18.624120684931,2184
2207,Śródmieście SKM 02,54.347771569795,18.643951486145,2207
2213,Odrzańska 02,54.345429629167,18.625835962145,2213
2219,Chełm Witosa 02,54.337318933533,18.616626694858,2219
2222,Cieszyńskiego 01,54.33816558775,18.610346841521,2222
2230,Płocka 01,54.32894799659,18.598884031094,2230
5605,Pruszcz Gdański Matejki 02,54.255655096411,18.633547224632,5605
5606,Pruszcz Gdański Matejki 01,54.255915868826,18.63400826285,5606
5608,Pruszcz Gdański Nowowiejskiego 01,54.25104565846,18.633212502714,5608
5609,Pruszcz Gdański Urząd Skarbowy 01,54.249351943918,18.638068529934,5609
5811,Pruszcz Gdański Powstanców Warszawy/Drzymały 04,54.256694619377,18.651759349511,5811
5812,Pruszcz Gdański Dąbrowskiego 02,54.258034178477,18.648996103597,5812
5813,Pruszcz Gdański Powstańców Warszawy 01,54.256338553142,18.659333843151,5813
5828,Pruszcz Gdański Kopernika/Sienkiewicza 56,54.262590476037,18.658610972844,5828
5829,Pruszcz Gdański Chopina/Rondo 21,54.260757790309,18.649900625938,5829
5837,Pruszcz Gdański Obrońców Westerplatte 01,54.266051527401,18.656295362251,5837
5841,Pruszcz Gdański Osiedle Piastowskie 01,54.267234375209,18.652404026712,5841
5869,Pruszcz Gdański Osiedle Kasprowicza 01,54.265341867137,18.662340424707,5869
5874,Pruszcz Gdański Fabryczny 01,54.24537743076,18.626583510392,5874
7432,Banino Szkoła 01,54.390823674227,18.411782474317,7432
7982,Banino Pszenna 01,54.393365606136,18.384984874046,7982
7988,Miszewo Przodkowska 02,54.380769016751,18.361805709854,7988
7990,Małkowo Gdyńska 02,54.370871953946,18.363102711755,7990
7998,Żukowo Urząd Gminy 84,54.34212079545,18.357773960797,7998
8231,Gdynia Leśna Polana 02,54.462245435386,18.453385893454,8231
8236,Chwaszczyno 75,54.443431511929,18.420881330369,8236
8237,Chwaszczyno Centrum 02,54.444046911303,18.419809143404,8237
8245,Gdynia Szafranowa 01,54.465798761539,18.461607141014,8245
14429,Pruszcz Gdański Chopina/Waląga 23,54.261833243481,18.639151477309,5843
14430,Pastelowa 01,54.308415749184,18.60027982357,1604
14433,Dwór Ferberów 01,54.305889619182,18.630280766998,1242
14443,Leśna Góra 01,54.373728280057,18.558637139604,192
14444,Leśna Góra - Przychodnia 01,54.373384385829,18.563862144009,1427
14448,Mjr Hubala 01,54.386419745988,18.579047288544,1823
14455,Bażyńskiego 07,54.398921516398,18.567263430418,1813
14457,Pruszcz Gdański Broniewskiego 01,54.264433427977,18.670208635658,5867
14459,Meteorytowa 02,54.411353904535,18.485194952246,1903
14468,Górecka 01,54.35541898484,18.745417532798,1429
14480,Sopot Smolna 01,54.427616944283,18.562787694331,4039
14486,Sopot Okrężna 02,54.447015435105,18.551592953548,4051
14487,Sopot Hotel "Marina" 01,54.43003276094,18.587284452838,4057
14490,Sopot Bitwy pod Płowcami 04,54.438338490728,18.572437721258,4063
14496,Sopot Polna 02,54.434216544374,18.579374267995,4062
14497,Sopot Hestii 02,54.431861526743,18.583429870141,4060
14513,Sopot Bohaterów Monte Cassino 01,54.442179354266,18.56005633278,4005
14519,Sopot Brodwino Szkoła 01,54.456107217553,18.531423966647,4090
14523,Focha 01,54.358548397795,18.622770323127,1880
14532,Jasieńska 01,54.349428720731,18.552445407797,1874
14538,Belgradzka 01,54.355555317543,18.588374206362,2272
14544,Brętowo PKM 01,54.364787042589,18.573531239541,2268
14548,Gronostajowa 02,54.345130866407,18.547546043188,1876
14553,Matarnia PKM 02,54.373215080846,18.505851628929,1539
14559,Sopot Małopolska 02,54.455623117049,18.543395292452,4094
14561,Sopot Brodwino 02,54.457716116241,18.534490243612,4098
14562,Rondo Mazowieckiego 02,54.388844481434,18.648945570575,1988
14568,Pruszcz Gdański Dąbrowskiego 01,54.257979098361,18.649398463462,5872
14587,Migowo 02,54.352479435886,18.575749698087,2262
14590,Barniewicka 02,54.43421946701,18.467740221764,1008
14591,Andruszkiewicza 02,54.362125131606,18.690280309136,1068
14599,Pruszcz Gdański Powstańców Warszawy/Plater 06,54.255637471686,18.659803476158,5809
14609,Kowale Osiedle Olimp 02,54.310905828258,18.564849801572,6021
14612,Kowale Plac Afrodyty 01,54.308360389935,18.567014128351,6020
14613,Kowale Szkoła Metropolitalna 01,54.306555550829,18.569349743542,603
14614,Kowale Starowiejska 02,54.30886108077,18.560204617551,6023
14618,Kowale Szlachecka 01,54.303894500218,18.54715537964,6028
14619,Kowale Szlachecka 02,54.30293762374,18.546520561765,6027
14622,Bogatka Bogatka II 01,54.322727732859,18.776625603039,5112
14637,Przejazdowo Sezonowa 04,54.330011394491,18.74430102361,5105
14639,Wiślinka Brzegowa 02,54.342204473175,18.794052451794,5123
14642,Wiślinka Sportowa 01,54.336365094153,18.808564174824,5126
14650,Pruszcz Gdański Kopernika/Azaliowa 58,54.263716907301,18.663845239835,5890
14651,Jagiełły 01,54.304658675525,18.612089226775,1967
14655,Węzeł Groddecka 01,54.348798148211,18.642199978398,2210
14660,Żabianka SKM 03,54.422792990199,18.569657020797,322
14662,Leźnieńska 01,54.353539427927,18.469767007792,1700
14683,Sulmin 17,54.31401269458,18.470779436564,7909
14689,Niestępowo Do Zdroju 08,54.319709405976,18.424340294768,7922
14695,Legionów 05,54.387200953748,18.609669164763,1974
14709,Kowale Osiedle Cytrusowe 01,54.303154746204,18.573685250793,6016
14712,Pomorskie Szkoły Rzemiosł 03,54.360698066121,18.613718057298,1744
14721,Kolorowa 01,54.311739422959,18.602407974622,1858
14724,Otomin Dziewicza 02,54.326373446706,18.5284063381,6002
14725,Otomin Sarnia 01,54.324618557516,18.517376417514,6004
14727,Otomin Słoneczna Pętla 01,54.321402613416,18.5048671682,601
14824,Zabornia 06,54.337825635053,18.570827668004,3991
14825,Lawendowe Wzgórze 01,54.327918964898,18.569950620026,2251
14828,Ujeścisko 02,54.331563017126,18.570997021276,2252
14846,Pokładowa 92,54.394726632096,18.688186624639,9078
14858,Europejskie Centrum Solidarności 02,54.362190979326,18.651315376531,3086
14867,Pruszcz Gdański Bohaterów Monte Cassino 01,54.253477746864,18.64907116452,5801
14876,Pruszcz Gdański Paderewskiego 02,54.257073926565,18.662946527932,5886
14883,Pruszcz Gdański Kopernika/Kasprowicza 62,54.265222359129,18.6673076445,5864
14895,Stężycka 01,54.335501949346,18.530335409791,3812
14910,Barzychowskiej 01,54.308496152889,18.582702857248,3129
14920,Długie Ogrody 02,54.347309286011,18.663166909846,1034
14927,Niedźwiednik 02,54.380357766509,18.558828767809,353
14928,Kiełpino Górne 02,54.342135517612,18.499302683455,378
14939,Chwaszczyno Polna I 02,54.451363572784,18.424378333977,8216
14946,Warneńska 02,54.357705817447,18.582630019331,7001
14950,Piotrkowska 02,54.331378351886,18.585528915413,2281
14952,Łódzka 02,54.332456828411,18.594510775849,2279
14953,Łódzka 01,54.332391121153,18.594822267747,2278
14956,Kampinoska 02,54.315869871351,18.604873985507,3023
14957,Stokłosy 05,54.353762755274,18.48302046632,3705
14962,Przeróbka 01,54.357463286906,18.6834463319,7005
14967,Zimna 01,54.360774954957,18.709997536992,7009
14972,Nowosądecka 02,54.328516115603,18.575052775313,3984
14975,Rybaki Górne 02,54.358582503937,18.655754211549,3091
14981,Tarcice 03,54.352319626247,18.710206315971,1907
14987,Na Zaspę 01,54.401410810268,18.66462108328,7020
14991,Borkowo Słoneczna 01,54.301371767837,18.589222846654,6007
14998,Człuchowska 02,54.32542762065,18.584662608744,3981
15000,Bramińskiego 01,54.322800090274,18.586785161541,3980
15005,Pruszcz Gdański Kopernika/Wagnera 98,54.267962965492,18.672820088818,5878
15018,Gdynia Karwiny Nowowiczlińska 01,54.473547973529,18.477906234539,8103
15021,Budowlanych 01,54.367522894137,18.501870425431,3700
15022,Budowlanych 02,54.367797098235,18.501653621294,3701
15026,Barzychowskiej 02,54.308265150029,18.582839391537,3128
15033,Bąkowo 01,54.293504729635,18.531436584379,6051
15036,Lublewo Gdańskie Konwaliowa 01,54.289607526219,18.512414881669,6055
15045,Pruszcz Gdański Tczewska 01,54.243459955404,18.630561698052,5879
15050,Norblina 01,54.388242480917,18.571330505151,1587
15067,Brama Żuławska 06,54.348231815023,18.668100390488,3102
15087,Sopot Osiedle Mickiewicza 01,54.439118031991,18.547838376673,4029
1431,Potokowa 04,54.373559185592,18.568070909998,1431
1440,Podkarpacka 02,54.377242463437,18.565712547335,1440
1444,Ciołkowskiego 01,54.39478844766,18.616946300862,1444
1450,Lwowska 01,54.389684879128,18.622094476399,1450
1451,Mickiewicza 01,54.383425333195,18.62059290403,7002
1457,Jagiellońska 02,54.413132621144,18.593178736565,1457
1461,Biały Dwór 02,54.409120915693,18.604818291844,1461
1462,Biały Dwór 01,54.40850395917,18.605439892824,1462
1466,Opolska 01,54.404944782638,18.59778831123,1466
1478,Leszczyńskich 01,54.399987726753,18.608016298726,1478
1480,Rzeczypospolitej 01,54.39603803215,18.603778305269,1480
1490,Czerwony Dwór 03,54.412985100703,18.588039458391,1490
1494,PCK 02,54.404795266648,18.631621526101,1494
1496,Brzeźno Dom Zdrojowy 04,54.407193648815,18.639327250846,1496
1497,Zespół Szkół Morskich 01,54.403549792559,18.653928819486,1497
1503,Stary Rynek Oliwski 02,54.408996117648,18.555539640152,1503
1508,Rynarzewo 01,54.421394938121,18.538367735538,1508
1510,Osowa Obwodnica 01,54.428716886508,18.495726466906,1510
1512,Sopocka 01,54.430060010774,18.478621112378,1512
1519,Biwakowa 02,54.427033577669,18.459903726954,1519
1521,Osowa PKP 02,54.420734112932,18.451922410745,1521
1527,Piastowska 04,54.416134293656,18.5859277241,1527
1528,Piastowska 03,54.416121346402,18.587978565268,1528
1538,Bobrowa 02,54.41833032344,18.559670161954,1538
1540,Czyżewskiego 01,54.422134931013,18.561987739997,1540
1541,Brama Oliwska 04,54.362596316904,18.639839212219,1541
1542,Brama Oliwska 03,54.36226005712,18.641952048963,1542
1546,Koziorożca 01,54.41967979817,18.471473596739,1546
1548,Zeusa 01,54.422202723031,18.462746427683,1548
1554,Jelitkowo Kapliczna 02,54.421541679502,18.601488417889,1554
1560,Startowa 04,54.396628719214,18.597766036287,1560
1564,Maciejkowa 02,54.353888698027,18.505530015228,1564
1570,Pomorska - Osiedle 03,54.418009428299,18.578110052134,1570
1579,Krzemowa 01,54.324616506492,18.618007447363,1579
1584,Bluszczowa 01,54.337888060017,18.666886100957,1584
1590,Krasickiego 03,54.406188044004,18.643992689767,1590
1594,Jaśkowa Dolina 03,54.378572135049,18.606567171912,1594
1596,Teatr Miniatura / Radio Gdańsk 03,54.375869495614,18.616271808211,1596
1602,Kościuszki 05,54.388292853567,18.622621703489,1602
1609,Wyspiańskiego 04,54.376411928699,18.623262366614,1609
1624,Swojska 05,54.378911295332,18.634252129951,1624
1632,Wojska Polskiego 05,54.387135386005,18.589648801501,1632
1635,Emaus 02,54.34715335738,18.602084914274,1635
1636,Galeria Bałtycka 03,54.383343441691,18.597402597463,1636
1637,Sopocka 04,54.427923433558,18.478767784147,1637
1638,Jednorożca 01,54.424149539473,18.47886081802,1638
1642,Śnieżna 03,54.392220186161,18.65796462912,1642
1643,Śnieżna 04,54.391903543457,18.656935145537,1643
1648,Stocznia Północna 03,54.371414093583,18.63426761973,1648
1649,Stocznia Północna 04,54.371644482139,18.633638477818,1649
1650,Grudziądzka 03,54.397647457781,18.621972692969,1650
1651,Korczaka 02,54.398648620379,18.609850704831,1651
1654,Mickiewicza 05,54.384607469158,18.622187924967,1654
1670,Pólnicy 01,54.339562984465,18.561140004174,1670
1677,Jaworowa 01,54.338302676961,18.559722289278,1677
1680,Boguckiego 01,54.338064481458,18.904192801262,1680
1688,Dobra 02,54.341121501813,18.655609772909,1688
1707,Łanowa IV 01,54.319075368256,18.681022076339,1707
1712,Łucznicza 01,54.307673365489,18.595956959716,1712
1714,Bursztynowa 02,54.425910162176,18.59287674388,1714
1715,Bursztynowa 01,54.426623670709,18.592141090732,1715
1716,Oliwa PKP 01,54.411164308424,18.572996097274,1716
1719,Życzliwa 02,54.345876089777,18.533390875106,1719
1720,Życzliwa 01,54.345117416891,18.536298443103,1720
1727,SDO "Złota Jesień" 01,54.386967060957,18.598792750024,1727
1731,Terminal - Cargo 02,54.382669034166,18.475845030934,1731
1739,Kilińskiego 01,54.386080900557,18.604867008013,1739
1743,Świętokrzyska 01,54.324392618516,18.605793536755,1743
1746,Góralska 02,54.375655508827,18.563696814411,1746
1753,Sikorskiego 05,54.338229952309,18.617235520977,1753
1754,Rozstaje 05,54.388863936614,18.607847235012,1754
1757,Srebrna 02,54.312767417238,18.596244152295,1757
1766,Oriona 01,54.417349401383,18.456402443793,1766
1768,Hynka 01,54.396909307908,18.588844445258,1768
1769,Olszyńska 02,54.333717230988,18.657169548092,1769
1777,Migowo 04,54.35285625915,18.575712113745,1777
1779,Oliwa 04,54.409088505206,18.568125408536,1779
1782,Saturna 01,54.414920299265,18.446949868967,1782
1786,Keplera 01,54.416718046738,18.466137483565,1786
1787,Wodnika 02,54.416071662198,18.478632324164,1787
1791,Przymorze SKM 02,54.401678722286,18.576961788832,1791
1799,Liliowa 02,54.31548491996,18.590965323608,1799
1805,Lubowidzka 02,54.327983643917,18.538123017621,1805
1806,Lubowidzka 01,54.327941570765,18.538263963366,1806
1807,Potęgowska 02,54.331426445548,18.546485353639,1807
1825,Reymonta 01,54.382980444735,18.585071658095,1825
1826,Bajana 03,54.390187411736,18.607492935471,1826
1828,Forsycji 01,54.342453563689,18.858259041374,1828
1834,Targ Chlebowy 01,54.350437868124,18.652986296159,1834
1842,Turystyczna 01,54.342610941197,18.85194273201,1842
1843,Turystyczna 02,54.342499209468,18.853240953438,1843
1844,Sąsiedzka 01,54.370793958315,18.504412507097,1844
1862,Osiedle Jary 01,54.335217357939,18.601764539075,1862
1863,Rogalińska 02,54.331217536307,18.600443796976,1863
1867,Smoluchowskiego 02,54.367098437674,18.623261612538,1867
1868,Smoluchowskiego 01,54.367086443957,18.624478558853,1868
1882,Olimpijska 02,54.305600914247,18.581335317986,1882
1885,Owczarnia 02,54.414129800091,18.480354587916,1885
1893,Marynarki Polskiej 03,54.398419127361,18.666578344513,1893
1898,Kontenerowa 01,54.380405996517,18.696645781537,1898
1905,Telewizyjna 02,54.398147917804,18.485217465417,1905
1913,Centrum Onkologii 04,54.370107219991,18.627229495365,1913
1915,Uniwersyteckie Centrum Kliniczne 02,54.366671757577,18.62670405315,1915
1922,Zabytkowa 01,54.379779733457,18.59000299051,1922
1937,Przegalińska Schronisko 02,54.313770137227,18.911670176115,1937
1938,Dulkowa 01,54.315701782866,18.902285547461,1938
1940,Komary 01,54.315710157074,18.893997734361,1940
1950,Wieniecka 01,54.324383809567,18.854661513575,1950
1954,Sobieszewko Ośrodek 01,54.335117550073,18.840073334182,1954
1957,Osiedle Świętokrzyskie 01,54.313696904648,18.571296533529,1957
1958,Osiedle Świętokrzyskie 03,54.314099136863,18.569842865938,1958
1968,Leszczynowa 01,54.330906414922,18.558514551224,1968
1970,Jabłoniowa Osiedle 01,54.331627610074,18.56394800311,1970
1979,Wilanowska 04,54.336474469381,18.59807604077,1979
1983,Piotrkowska 04,54.331482163812,18.58487676842,1983
2002,Dworzec Główny 02,54.35498243934,18.645385653555,2002
2010,Uniwersytet Medyczny 02,54.36673644241,18.633659069185,2010
2018,Miszewskiego 02,54.375709412011,18.615449547741,2018
2020,Jaśkowa Dolina 02,54.378267137045,18.606600323462,2020
2022,Klonowa 02,54.379790560381,18.603185158383,2022
2024,Galeria Bałtycka 02,54.382138978249,18.598766692583,2024
2030,Wilka-Krzyżanowskiego 02,54.388386322302,18.581627125872,2030
2033,Strzyża PKM 01,54.391158400201,18.577751470582,2033
2038,Bażyńskiego 02,54.399316010428,18.568102916522,2038
2039,Tetmajera 01,54.402719041802,18.565667156128,2039
2044,Obrońców Westerplatte 02,54.408336455378,18.56293009437,2044
2047,Opacka 01,54.413876492832,18.565714845186,2047
2021,Jaśkowa Dolina 01,54.378434391498,18.60642118973,2021
2025,Galeria Bałtycka 01,54.382332852685,18.598570553109,2025
2035,Uniwersytet Gdański 01,54.395720647745,18.571705123593,2035
2037,Bażyńskiego 01,54.398875730663,18.568560390587,2037
2041,Derdowskiego 01,54.405074902089,18.563909499626,2041
2043,Obrońców Westerplatte 01,54.408364325176,18.562974674762,2043
2046,Oliwa 02,54.409924721015,18.565902823004,2046
2048,Opacka 02,54.413747369456,18.565552952418,2048
2051,Pomorska - Osiedle 01,54.418021229143,18.577354026827,2051
2054,Gospody 02,54.419861632063,18.582610053198,2054
2055,Osiedle Wejhera 01,54.420404227239,18.584566739303,2055
2066,Stocznia Północna 02,54.371766948518,18.633923981653,2066
2067,Twarda 01,54.374556548672,18.631315160292,2067
2068,Twarda 02,54.374381707823,18.631109653229,2068
2072,Wyspiańskiego 02,54.37640779616,18.623508991137,2072
2076,Mickiewicza 02,54.382810828936,18.621798981008,2076
2082,Bajana 02,54.389684593574,18.608431046001,2082
2084,Żwirki i Wigury 02,54.3918499257,18.6061021467,2084
2086,Jana Pawła II 02,54.394313220209,18.60203016451,2086
2089,Zaspa 01,54.39934972357,18.59491059671,2089
2092,Kołobrzeska 02,54.404359004924,18.590949840603,2092
2093,Bora-Komorowskiego 01,54.407956855785,18.589243969162,2093
2094,Bora-Komorowskiego 02,54.40906045581,18.588686030877,2094
2145,Zakopiańska 02,54.348820473473,18.618623129207,2145
2146,Zakopiańska 01,54.34876156071,18.618826591122,2146
2147,Skrajna 02,54.349088711537,18.612636716745,2147
2148,Skrajna 01,54.348984606853,18.61282742052,2148
2157,Żaglowa - AmberExpo 02,54.382477426737,18.63869815122,2157
2161,Polsat Plus Arena Gdańsk 02,54.387362520686,18.649014921645,2161
2175,Kolonia Uroda 02,54.392629994932,18.622370839793,2175
2177,Grudziądzka 02,54.396342806209,18.622371726985,2177
2189,Brzeźno Dom Zdrojowy 03,54.407145988647,18.638728977193,2189
2192,Krasickiego 01,54.406334690007,18.643676074387,2192
2217,Sikorskiego 02,54.33854127772,18.618432919865,2217
2226,Wilanowska 01,54.33639282852,18.598942318372,2226
2227,Przemyska 02,54.333158378357,18.596331152377,2227
5225,Pruszcz Gdański Radunica 02,54.27881159461,18.639424813438,5225
5226,Pruszcz Gdański Radunica 01,54.279300113692,18.639581226924,5226
5600,Pruszcz Gdański Przemysłowa 03,54.269786821074,18.639940815889,5600
5701,Pruszcz Gdański Pogotowie Ratunkowe 01,54.265024866713,18.634576781157,5701
5814,Pruszcz Gdański Powstańców Warszawy 02,54.257219489546,18.659329989587,5814
5815,Pruszcz Gdański Emilii Plater 01,54.259990015635,18.660340006382,5815
5816,Pruszcz Gdański Emilii Plater 02,54.260097035289,18.661685232715,5816
5817,Pruszcz Gdański Reymonta 01,54.259407800027,18.66740570608,5817
5839,Pruszcz Gdański Wiśniewskiego 01,54.264626036896,18.650955150503,5839
5871,Pruszcz Gdański Chopina/Żwirki i Wigury 02,54.259144089159,18.650130638063,5871
7427,Rębiechowo Piaskowa 01,54.386740779268,18.423484546679,7427
7575,Chwaszczyno Oliwska 02,54.442329069001,18.444719908523,7575
7576,Chwaszczyno Oliwska 79,54.442036481649,18.446188028556,7576
7578,Chwaszczyno Kaszubska Droga 77,54.442546422652,18.434618663734,7578
8102,Gdynia Anyżowa 02,54.474656376419,18.468576054121,8102
8227,Gdynia Dąbrowa Centrum 04,54.473396549149,18.465088137957,8227
8246,Gdynia Paprykowa 01,54.468300593875,18.466869599262,8246
8249,Gdynia Kameliowa 01,54.470824713131,18.468056432275,8249
8265,Gdynia Rdestowa - Leśny Zakątek 02,54.463971597178,18.457229403895,8265
8308,Gdynia Karwiny PKM 02,54.469195510038,18.507731083101,8308
8313,Gdynia Myśliwska 02,54.471244367387,18.488590301376,8313
14413,Gościnna 03,54.322971059728,18.632143693526,331
14423,Osiedle Barniewice 01,54.412165880009,18.451467619107,174
14424,Chmielna 04,54.345312056746,18.656602160607,1039
14425,Stogi 08,54.362565645631,18.716255441778,138
14428,Banino Borowiecka 02,54.39319234271,18.403190694587,7981
14431,Pastelowa 02,54.308127180539,18.600235124959,1605
14447,Mjr Hubala 02,54.387375360756,18.577389058917,1822
14451,Szpital Marynarki Wojennej 02,54.393829369961,18.567518644514,1816
14452,Szpital Marynarki Wojennej 01,54.39392381386,18.567744142743,1817
14469,Górecka 02,54.355403035195,18.745526142168,1430
14479,Sopot Kasztanowa 01,54.424874022141,18.563628916743,4037
14482,Sopot 3 Maja 01,54.434050901187,18.561757911272,4043
14483,Sopot Sopot PKP - Niepodległości 01,54.438734535907,18.560862679448,4003
14491,Sopot Władysława IV 02,54.436085229279,18.567682346693,4065
14492,Sopot Przylesie 02,54.447928854571,18.539475102039,4055
14493,Sopot Sanatorium "Leśnik" 01,54.449378522609,18.527262636652,407
14521,Sopot 23 Marca 01,54.448090491172,18.54432469675,4054
14522,Focha 02,54.358658381809,18.623333490823,1881
14527,Sopot Sopot PKP 02,54.441431616714,18.563540298205,4046
14530,Pruszcz Gdański Wysockiego 01,54.26302440652,18.674987242326,5865
14531,Pruszcz Gdański Wysockiego 02,54.263002598732,18.674788834436,5866
14535,Piekarnicza 02,54.351550816587,18.592225457123,2273
14537,Belgradzka 02,54.35566491446,18.588460133166,2271
14547,Migowo 01,54.352591821533,18.575973934343,2263
14551,Biblioteka Główna UG 01,54.398805083032,18.576222192195,1678
14554,Matarnia PKM 01,54.374422136904,18.507272109005,1412
14556,Siedlce 04,54.347905929181,18.60693462441,362
14557,Siedlce 05,54.348485804043,18.60716252478,162
14558,Sopot Junaków 02,54.4555175503,18.547490329801,4092
14560,Sopot Kolberga 02,54.457130443237,18.537950865442,4096
14563,Rondo Mazowieckiego 01,54.388467618225,18.648520421804,1987
14565,Gronostajowa 01,54.34518965808,18.547342501114,1875
14569,Pruszcz Gdański Faktoria 01,54.255725915654,18.63257586424,5849
14572,Pruszcz Gdański Obrońców Wybrzeża 01,54.258891705847,18.627158290208,5853
14573,Pruszcz Gdański Cyprysowa 02,54.261270713541,18.625163523432,5856
14575,Pruszcz Gdański Cicha (Cmentarz) 01,54.262458553054,18.625678768463,5857
14576,Pruszcz Gdański Cicha (Cmentarz) 02,54.263387703565,18.62584034602,5858
14578,Pruszcz Gdański Osiedle Bursztynowe 02,54.267863381208,18.628055737959,5898
14579,Pruszcz Gdański Obrońców Wybrzeża 02,54.258717322508,18.627890000301,5854
14584,Pruszcz Gdański Zastawna 01,54.24577748587,18.622707595046,5876
14585,Jaworzniaków 02,54.31780141781,18.568871075407,395
14586,Pruszcz Gdański Rogozińskiego 01,54.2690061539,18.624457522297,5899
14598,Pruszcz Gdański Powstańców Warszawy/Plater 29,54.25596691449,18.657788790319,5810
14621,Chmielna 03,54.345668243533,18.656889637631,1040
14625,Bogatka Bogatka I 02,54.328239792645,18.783541642825,5115
14626,Bogatka Bogatka III 01,54.32207360619,18.763128009885,5110
14628,Przejazdowo Makro 73,54.339692053927,18.735601418561,5101
14629,Przejazdowo Makro 02,54.337395699335,18.738742955536,5102
14641,Wiślinka Pocztowa 02,54.338433364737,18.801685050393,5125
14654,Węzeł Groddecka 02,54.348617951744,18.642179521389,2209
14661,Jelitkowo 90,54.423616203368,18.59415210262,360
14688,Niestępowo Szkoła 10,54.315364138232,18.434745295972,7920
14690,Niestępowo Do Zdroju 07,54.319507579061,18.425414030426,7921
14693,Toruńska 02,54.344646048907,18.645022790058,1005
14694,Nad Stawem 02,54.383013804561,18.606601248623,1972
14698,Fabryczna 02,54.353565744718,18.493852422723,1699
14700,Śródmieście SKM 03,54.34752704001,18.644319409035,1018
14710,Kowale Osiedle Cytrusowe 02,54.302737615502,18.574847303213,6015
14719,Topazowa 02,54.30982847996,18.600797189283,1225
14728,Sulmin Trakt Gdański 01,54.315145454637,18.478075384689,7906
14742,Sulmin Wrzosowe Wzgórze 18,54.314557532353,18.46333450545,7912
14803,Zajezdnia WRZESZCZ T2,54.389942720508,18.578993840559,691
14811,Pruszcz Gdański Rondo Bursztynowe 01,54.268992955499,18.622876305435,5705
14814,Kaczeńce 03,54.363347676232,18.699217152313,3124
14815,Królewskie Wzgórze 01,54.349785397594,18.574107805034,2261
14822,Zabornia 02,54.338275200738,18.572170417313,2254
14823,Zabornia 05,54.338094342729,18.573458030218,3990
14830,Ujeścisko 04,54.331828059413,18.571212131716,3987
14833,Królewskie Wzgórze 03,54.350376204063,18.573088057167,1891
14835,Łabędzia 03,54.347620190212,18.572388772516,3997
14836,Stolema 04,54.341110520079,18.570556961064,3994
14837,Stolema 03,54.340697161776,18.5705659622,3995
14839,Zabornia 03,54.336756146228,18.572183043321,3993
14850,Oczyszczalnia 03,54.341869954587,18.757867930753,361
14852,Geodetów 01,54.356850146972,18.482770069083,3707
14864,Maszynowa 01,54.358129791305,18.477750706935,3709
14878,Pruszcz Gdański Nałkowskiej 02,54.25653973964,18.668320015425,5888
14879,Pruszcz Gdański Nałkowskiej 01,54.256311143135,18.669515185308,5887
14887,Będzieszyn Panattoni 01,54.237850799861,18.606941238601,5231
14891,Uniwersyteckie Centrum Kliniczne 01,54.367492931515,18.627318697868,3015
14892,Szadółki 03,54.328798735087,18.550779493996,3806
14893,Szadółki 04,54.328989029651,18.549968335789,3805
14898,Kolbudzka 02,54.337694013873,18.51363432425,3815
14899,Kolbudzka 01,54.337280532342,18.515382392182,3816
14900,Lipuska 02,54.338553130509,18.510828477182,3818
14916,Nowiny 04,54.318616186535,18.628749441611,3017
14918,Brętowo PKM 05,54.365540055672,18.573871708123,2285
14919,Owczarnia 03,54.414929519,18.479904752156,397
14924,Gdynia Rdestowa - Leśny Zakątek 01,54.46391491296,18.457526139754,8264
14926,Przegalina 02,54.311464262091,18.917121698604,343
14929,Podleckiego 01,54.307293996068,18.591812896206,3121
14930,Podleckiego 02,54.307889039363,18.590548251815,3122
14931,Knyszyńska 02,54.313989507677,18.602538488615,3024
14936,Chwaszczyno Nytbusz 01,54.452822636872,18.425767829484,8217
14937,Chwaszczyno Nytbusz 02,54.452264551238,18.427422839429,8214
14938,Chwaszczyno Polna I 01,54.450804520478,18.425987081171,8219
14943,Gdynia Rdestowa - Kolonia 01,54.461035993728,18.451454927353,8208
14945,Warneńska 01,54.357629007706,18.582834630045,7000
14964,Lenartowicza 01,54.358012521446,18.686770872243,7007
14965,Lenartowicza 02,54.357571454838,18.68627234112,7008
14966,Zimna 02,54.360690406027,18.710279314483,7010
14974,Lawendowe Wzgórze 04,54.328848780934,18.571034005361,3986
14984,Nowy Port Oliwska 01,54.401616279502,18.674332101234,7017
14988,Borkowo Stylowa 01,54.302438743037,18.580106602167,6005
14995,Borkowo Topolowa 02,54.298495730226,18.598720604713,6014
14996,Borkowo Skrzyżowanie 01,54.297807855011,18.603909538359,6030
14997,Platynowa 04,54.327583054332,18.609822502285,1224
15001,Bramińskiego 02,54.322687725583,18.586561054882,3979
15023,Strzyża PKM 06,54.391269496565,18.578807857385,212
15032,Kowale Szlachecka 08,54.303286534102,18.544670527653,6047
15035,Lublewo Gdańskie Konwaliowa 02,54.289816554806,18.513831422677,6054
15041,Kolbudy Szkoła 01,54.276938167786,18.477276540154,6063
15043,Kolbudy Plac Kaszubski 01,54.272555359555,18.466346310713,6067
15053,Ciołkowskiego 02,54.395028125557,18.617702708383,1451
15069,Stokłosy 06,54.354024739069,18.482650445918,3704
15077,Stokłosy 01,54.352911643163,18.479717313537,1701
15082,Traugutta 04,54.368029952367,18.629027467475,1010
15088,Sopot Sikorskiego 02,54.441561826955,18.558859155752,4026
2090,Zaspa 02,54.399213806011,18.594856921155,2090
2097,Piastowska 01,54.415572491444,18.587055139466,2097
2099,Pomorska 01,54.419543184306,18.58421659173,2099
2100,Pomorska 02,54.419435432777,18.584222931424,2100
2102,Brama Wyżynna 01,54.350620378646,18.646204572628,2102
2133,Urząd Miejski 01,54.351459166648,18.642201459514,2133
2135,Dworzec PKS 01,54.35682379196,18.643464086747,2135
2138,Hucisko 01,54.351829931901,18.645535205781,2138
2139,Powstańców Warszawskich 02,54.351137114612,18.63631030385,2139
2140,Powstańców Warszawskich 01,54.351079978917,18.636605986588,2140
2166,Marynarki Polskiej 02,54.398366194302,18.666165356248,2166
2172,Kościuszki 01,54.387991071224,18.622361894228,2172
2173,Kościuszki 02,54.388144633623,18.622399222849,2173
2176,Grudziądzka 01,54.396161092567,18.62227439462,2176
2183,Sternicza 01,54.40463619465,18.634512302166,2183
2190,Brzeźno Dom Zdrojowy 02,54.407314193466,18.638596023448,2190
2195,Kasztanowa 02,54.403705384308,18.661948137537,2195
2214,Odrzańska 01,54.345382405929,18.626177209829,2214
2215,Chałubińskiego 02,54.341618739764,18.617670265603,2215
2216,Chałubińskiego 01,54.341773214693,18.617753645585,2216
2218,Sikorskiego 01,54.338660137018,18.618533741346,2218
2224,Cebertowicza 01,54.338391934738,18.60544129851,2224
2228,Przemyska 01,54.33334011196,18.59642822899,2228
2229,Płocka 02,54.328911160824,18.598840033725,2229
5602,Pruszcz Gdański Przemysłowa 01,54.270487103945,18.638057647202,5602
5704,Pruszcz Gdański Rondo Kaszubskie 02,54.266073379676,18.628004979246,5704
5818,Pruszcz Gdański Reymonta 02,54.259421158749,18.668095939116,5818
5819,Pruszcz Gdański Osiedle Wschód 01,54.259150721541,18.67363906626,5819
5830,Pruszcz Gdański Chopina/Rondo 02,54.261362369684,18.652783875352,5830
5831,Pruszcz Gdański Zastawna/Rondo 50,54.241208963577,18.615802541873,5831
5832,Pruszcz Gdański Chopina/Waląga 52,54.261734127941,18.63868109965,5832
5840,Pruszcz Gdański Osiedle Piastowskie 02,54.267157156021,18.65213196908,5840
7428,Rębiechowo Piaskowa 02,54.386471649393,18.423932717125,7428
7983,Banino Pszenna 02,54.393386367404,18.382210405237,7983
7986,Miszewo 02,54.389653783167,18.361497318285,7986
7991,Małkowo Gdyńska 01,54.370055978912,18.36320121856,7991
7993,Żukowo Słoneczna 01,54.359631534675,18.364638997141,7993
8100,Gdynia Karwiny Nowowiczlińska 03,54.473537314932,18.476965285343,8100
8230,Gdynia Szafranowa 02,54.465317117751,18.460078224999,8230
8234,Chwaszczyno Rewerenda 01,54.451656243469,18.438985777421,8234
8239,Gdynia Rewerenda 01,54.452184997582,18.440603578122,8239
8244,Gdynia Leśna Polana 01,54.462777249516,18.455158419775,8244
8250,Chwaszczyno Wiejska 01,54.446040930429,18.423092855103,8250
8309,Gdynia Źródło Marii 02,54.470637118044,18.494847822666,8309
14417,Akademia Muzyczna 94,54.345288756063,18.663743206704,9661
14427,Subisława 03,54.416882837567,18.572596462403,1603
14460,Zajezdnia NOWY PORT T2,54.397108531207,18.673662810791,692
14464,Śródmieście SKM 01,54.347678795994,18.644264560932,2208
14470,Sopot Przylesie 01,54.447808101277,18.540608460299,406
14473,Sopot Uniwersytet Gdański 01,54.444330469578,18.556180148239,4050
14484,Sopot Sikorskiego 04,54.442336552784,18.556715378707,4047
14485,Sopot Uniwersytet Gdański 02,54.445908406623,18.554636146226,4049
14495,Sopot Bitwy pod Płowcami 02,54.437772178499,18.573782123933,4064
14514,Sopot Goyki 01,54.447024590313,18.559151083582,4007
14515,Sopot Malczewskiego 01,54.44978288052,18.555515876185,4009
14520,Sopot 23 Marca 02,54.448174846512,18.543610034269,4053
14526,Sopot Sopot PKP - Marynarzy 01,54.439145079728,18.564277575172,4045
14528,Źródlana 01,54.341885947568,18.55332459364,1258
14534,Jasieńska 03,54.349741321802,18.549687510728,1871
14541,Kolumba 02,54.360414583432,18.577391111155,2267
14543,Brętowo PKM 02,54.366021524407,18.574120432215,224
14545,Budapesztańska 02,54.356225801805,18.578761284764,2264
14550,Biblioteka Główna UG 02,54.397277949956,18.577175065175,1679
14552,Kiełpinek PKM 02,54.355249071587,18.528381006264,193
14564,Port Lotniczy 09,54.383086936326,18.467471396652,302
14570,Pruszcz Gdański Faktoria 02,54.255358886489,18.632197697058,5850
14582,Banino Borowiecka 01,54.39303408689,18.402938789811,7980
14588,Pruszcz Gdański Słowackiego 01,54.262470541319,18.660767673682,5893
14602,Ku Ujściu 05,54.378913954768,18.677895374672,1986
14605,Worcella 02,54.340896704451,18.626189624394,1663
14611,Kowale Osiedle Olimp 03,54.309318700818,18.566834580251,6019
14616,Kowale Kasztelańska 02,54.305712263183,18.552550756592,6025
14624,Bogatka Bogatka I 01,54.328017420986,18.782692299858,5114
14631,Przejazdowo Makro 03,54.338236328378,18.736112219003,5100
14632,Przejazdowo Hotel 78,54.324292910341,18.746167364293,5106
14633,Przejazdowo Hotel 01,54.32332970282,18.746097014702,5107
14636,Przejazdowo Sezonowa 71,54.332352705275,18.744034383525,5104
14640,Wiślinka Pocztowa 01,54.338516432546,18.801803691211,5124
14643,Wiślinka Sportowa 02,54.336186873495,18.808650573737,5127
14644,Wiślinka Piaskowa 10,54.339695177825,18.823679385134,5119
14645,Wiślinka Piaskowa 65,54.338611366579,18.823398200028,5118
14648,Wiślinka Szkoła 67,54.330405438655,18.800190768542,5116
14649,Wiślinka Szkoła 08,54.330584148426,18.80210389529,5117
14663,Stokłosy 02,54.352977407301,18.480713692524,1702
14665,Sopot Hospicjum 01,54.425570943365,18.56297084256,4036
14666,Pruszcz Gdański Rondo Bursztynowe 02,54.268107175201,18.624002407105,5706
14680,Sulmin Trakt Konny 19,54.31597253443,18.481515362064,7907
14681,Sulmin Trakt Konny 20,54.315721767296,18.481130885206,7908
14682,Sulmin 16,54.313950206152,18.471229184003,7910
14685,Niestępowo Sulmińska 14,54.318012287697,18.449389411377,7916
14687,Niestępowo Gdańska 03,54.315655703096,18.442969257371,7917
14691,Stara Piła 09,54.325060218324,18.414331358458,790
14696,Nad Stawem 01,54.383465656236,18.606266908871,1973
14708,Borkowo Kasztanowa 01,54.300644004363,18.594645203927,6009
14720,Topazowa 01,54.309782546659,18.601199593537,1226
14726,Otomin Sarnia 02,54.324659024833,18.517158657287,6003
14740,Dworzec PKS 10,54.355955061652,18.64225173489,1897
14760,Sopot Kraszewskiego 02,54.455441035361,18.553913393556,4100
14804,Zajezdnia WRZESZCZ T1,54.389925687838,18.57904105677,291
14812,Pruszcz Gdański Rotmanka - Rondo 01,54.27079493698,18.616705482636,5129
14813,Kaczeńce 04,54.363050048069,18.698695010091,3123
14816,Królewskie Wzgórze 02,54.349674554349,18.57396044432,2260
14817,Łabędzia 02,54.347096914796,18.572296521877,2258
14819,Stolema 01,54.341525116497,18.570609431535,2257
14845,Ugory eMOCja 04,54.362928079221,18.704089655609,3125
14851,Ujeścisko 51,54.331475015812,18.573771056475,398
14854,Brama Żuławska 05,54.348720458746,18.669196078944,3100
14855,Kłosowa 01,54.361490754172,18.717885201791,3101
14857,Pruszcz Gdański Emilii Plater 04,54.25998644183,18.660155942668,5891
14869,Port Lotniczy 04,54.382885917295,18.46774561529,104
14877,Pruszcz Gdański Paderewskiego 01,54.25705994365,18.66222566147,5885
14894,Stężycka 02,54.335601662902,18.530375583104,3811
14896,Łagowska 01,54.337373671851,18.523407679252,3814
14897,Łagowska 02,54.337433685093,18.523265606301,3813
14905,Gdynia Rdestowa - Kolonia 04,54.460331585936,18.44960067162,9232
14932,Czaple Bysewo 03,54.365414445905,18.443279846308,791
14933,Belgradzka 04,54.355724322291,18.588733698958,3725
14941,Gdynia Bielińskiego 01,54.457355930652,18.444925275371,8210
14951,Piotrkowska 01,54.331295939205,18.585902922567,2280
2050,Subisława 02,54.416744119256,18.573298311497,2050
2058,Helska 02,54.42159123172,18.588181375609,2058
2062,Plac Solidarności 02,54.360361141863,18.647833246516,2062
2077,Plac Komorowskiego 01,54.383647198263,18.614527141096,2077
2078,Plac Komorowskiego 02,54.383503829605,18.614550861145,2078
2083,Żwirki i Wigury 01,54.392104531348,18.605794621563,2083
2096,Czerwony Dwór 02,54.412664364558,18.587734625195,2096
2098,Piastowska 02,54.416436714765,18.586665243985,2098
2101,Brama Wyżynna 02,54.350445863048,18.646014490238,2101
2103,Okopowa 02,54.347499904902,18.646613804387,2103
2104,Okopowa 01,54.347568444612,18.646440615967,2104
2105,Żabi Kruk 01,54.34645921507,18.651797429578,2105
2106,Żabi Kruk 02,54.346565177885,18.651699059038,2106
2109,Akademia Muzyczna 02,54.344611588306,18.664520208216,2109
2110,Akademia Muzyczna 01,54.344633171239,18.664242016793,2110
2114,Brama Żuławska 02,54.347743128788,18.669328350822,2114
2132,Nowe Ogrody 02,54.35241222453,18.642208428702,2132
2137,Hucisko 02,54.351895769271,18.645223642998,2137
2141,Paska 02,54.35006877721,18.629969734974,2141
2143,Ciasna 02,54.349158922308,18.624389782008,2143
2154,Węzeł Kliniczna 02,54.376492453147,18.630556898183,2154
2158,Żaglowa - AmberExpo 01,54.382399869484,18.638409980618,2158
2160,Mostostal 01,54.385694485744,18.644612778229,2160
2165,Marynarki Polskiej 01,54.398396109511,18.666317729218,2165
2178,al. Płażyńskiego 02,54.402721261305,18.623065839584,2178
2181,Gdańska 01,54.402370906345,18.630852157924,2181
2186,Wczasy 01,54.409098007243,18.628244941663,2186
2187,Uczniowska 01,54.400284299911,18.626226793382,2187
2188,Mazurska 01,54.408455791234,18.632165620134,2188
2191,Krasickiego 02,54.406175491966,18.644270793136,2191
2193,Latarnia Morska 01,54.404654569742,18.655730291294,2193
2194,Latarnia Morska 02,54.404677024977,18.655497866098,2194
2196,Kasztanowa 01,54.404103845242,18.661170403327,2196
2211,Pohulanka 02,54.34868895851,18.636620143875,2211
2212,Pohulanka 01,54.34863242408,18.636946551274,2212
2221,Cieszyńskiego 02,54.338234075269,18.610173634024,2221
2223,Cebertowicza 02,54.338431950895,18.605192812458,2223
2225,Wilanowska 02,54.336851592394,18.599407873544,2225
2231,Łostowice Świętokrzyska 02,54.323086951854,18.606592223629,2231
5601,Pruszcz Gdański Przemysłowa 02,54.270823828507,18.637807989451,5601
5603,Pruszcz Gdański Chopina 02,54.261758405657,18.635792736134,5603
5604,Pruszcz Gdański Krótka – Dom Wiedemanna 01,54.262623529225,18.63635747479,5604
5607,Pruszcz Gdański Nowowiejskiego 02,54.24948816741,18.632641594394,5607
5702,Pruszcz Gdański Wojska Polskiego 01,54.263510934958,18.635308486124,5702
5820,Pruszcz Gdański Osiedle Wschód 02,54.259427624501,18.673546694317,5820
5827,Pruszcz Gdański Kopernika/Sienkiewicza 19,54.26262792461,18.658224937235,5827
5834,Pruszcz Gdański Batalionów Chłopskich 01,54.245947870558,18.631815935709,5834
5835,Pruszcz Gdański Chopina/Żwirki i Wigury 31,54.258852236576,18.650377568587,5835
5836,Pruszcz Gdański Obrońców Westerplatte 02,54.265800620879,18.657261779267,5836
5838,Pruszcz Gdański Wiśniewskiego 02,54.265270451388,18.652653892284,5838
5870,Pruszcz Gdański Osiedle Kasprowicza 02,54.265046308821,18.663324670865,5870
5873,Pruszcz Gdański Batalionów Chłopskich 02,54.245120324796,18.630420450485,5873
7429,Rębiechowo Rębiechowo PKP 02,54.388781219879,18.417579954757,7429
7430,Rębiechowo Rębiechowo PKP 01,54.388613267682,18.417713742531,7430
7577,Chwaszczyno Kaszubska Droga 04,54.44238340763,18.432870455257,7577
7979,Banino Szkoła 02,54.391460663906,18.410463699052,7979
7987,Miszewo Rolnicza 01,54.388493875651,18.359846459591,7987
7989,Miszewo Przodkowska 01,54.379802001233,18.361575133962,7989
7992,Żukowo Słoneczna 02,54.361205683313,18.364676718459,7992
7994,Żukowo Dworcowa 02,54.348700840542,18.367185631729,7994
7995,Żukowo Derdowskiego 01,54.349990221711,18.36653372081,7995
7997,Żukowo Dworcowa 01,54.346957707606,18.365173430339,7997
8228,Gdynia Kameliowa 02,54.470206170688,18.468140953767,8228
8229,Gdynia Paprykowa 02,54.46781036024,18.465356496211,8229
8235,Chwaszczyno Synaka 01,54.447593482976,18.42802437316,8235
8247,Gdynia Dąbrowa Centrum 01,54.47393702649,18.465996318197,8247
8248,Gdynia Anyżowa 01,54.474834847857,18.469799961496,8248
8337,Gdynia Nałkowskiej 02,54.469854029221,18.499140231928,8337
8339,Gdynia Podleśna 01,54.467923800914,18.50927463886,8339
9001,Głęboka 91,54.352172387782,18.672447953769,9001
14432,Meteorytowa 01,54.411351658016,18.484655644413,1904
14442,Cmentarna 02,54.340980854254,18.635508580788,1821
14445,Leśna Góra - Przychodnia 02,54.373566143942,18.563959165934,1428
14446,Reymonta 02,54.382859095205,18.584847760729,1824
14453,Jasia i Małgosi 02,54.397876051005,18.56401274143,1814
14454,Jasia i Małgosi 01,54.398111684082,18.564106624847,1815
14458,Pruszcz Gdański Broniewskiego 02,54.264268144202,18.670494387431,5868
14472,Sopot Okrężna 01,54.446937355249,18.55128909728,4052
14474,Sopot Sikorskiego 01,54.441658309115,18.557850865119,4048
14476,Sopot 3 Maja 02,54.433713386167,18.56151581056,4044
14477,Sopot Reja 02,54.431397083176,18.561668858048,4042
14478,Sopot Smolna 02,54.428252871719,18.562225695673,4040
14481,Sopot Reja 01,54.431403614064,18.561992289421,4041
14488,Sopot Hestii 01,54.432154143557,18.58322759791,4059
14489,Sopot Polna 01,54.434179984206,18.579792790176,4061
14494,Sopot Władysława IV 01,54.435837517199,18.567434862445,4066
14498,Sopot Hotel "Marina" 02,54.429336627163,18.587988395029,4058
14499,Sopot Przylesie 03,54.447950509568,18.540538216011,4056
14512,Sopot 3 Maja 03,54.435564329154,18.561467505362,4001
14533,Jasień PKM 01,54.353218519859,18.550034574857,185
14536,Piekarnicza 01,54.351417045296,18.592279451479,2274
14542,Kolumba 01,54.36025449903,18.57747750203,2266
14546,Budapesztańska 01,54.355928248959,18.5787172237,2265
14549,Jasieńska 02,54.348622284613,18.549477117145,1873
14555,Osowa PKP 01,54.420964540651,18.452617266325,363
14567,Sopot Sopot PKP - Marynarzy 02,54.438596109793,18.564248473922,4038
14577,Pruszcz Gdański Rondo Kaszubskie 01,54.266997451679,18.626538939411,5703
14583,Pruszcz Gdański Zastawna 02,54.24586577121,18.622625764247,5875
14592,Andruszkiewicza 01,54.366947547799,18.692365066238,1067
14600,Pruszcz Gdański Powstańców Warszawy/Gałczyńskiego 27,54.254698918841,18.671218253551,5806
14601,Pruszcz Gdański Powstańców Warszawy/Gałczyńskiego 01,54.255016598456,18.672305806535,5805
14610,Kowale Osiedle Olimp 01,54.311256989807,18.56621280369,6022
14615,Kowale Starowiejska 01,54.309378579571,18.56178829007,6024
14617,Kowale Kasztelańska 01,54.305957367579,18.553996644451,6026
14620,Jankowo Conradiego Pętla 01,54.294924280612,18.554328200015,604
14623,Bogatka Bogatka II 02,54.322319920965,18.776447686488,5113
14627,Bogatka Bogatka III 02,54.321955294872,18.762565436129,5111
14630,Przejazdowo Makro 04,54.338888511512,18.738291761672,5103
14634,Przejazdowo Łąkowa 01,54.322152749803,18.750467331603,5108
14635,Przejazdowo Łąkowa 02,54.322011067631,18.750582713686,5109
14638,Wiślinka Brzegowa 01,54.342313366338,18.794108161709,5122
14652,Jagiełły 02,54.304911930349,18.612166795099,1966
14653,Jana z Kolna 01,54.361549685429,18.645625616098,305
14667,Pruszcz Gdański Pogotowie Ratunkowe 02,54.264861121573,18.634478658587,5700
14673,Stogi Plaża 04,54.372384176942,18.729213737956,373
14684,Niestępowo Sulmińska 01,54.318407374401,18.451917715028,7915
14686,Niestępowo Gdańska 12,54.315644860711,18.444153962661,7918
14960,Głęboka 01,54.352171954551,18.671493806918,7003
14963,Przeróbka 02,54.357116382103,18.682234524351,7006
14968,Stogi 01,54.362052810252,18.715283332343,7011
14969,Stogi 02,54.3613207049,18.714600502527,7012
14976,Geodetów 02,54.357643156112,18.482429101508,3706
14978,Przejazdowo Brzozowa 01,54.328172700227,18.744524734952,5132
14982,Plac Wolności 01,54.399015535834,18.669995740092,7015
14986,Przychodnia 01,54.402245618159,18.669673892633,7018
14990,Borkowo Słoneczna 02,54.301625265614,18.589761393284,6008
14992,Borkowo Kasztanowa 02,54.300193802041,18.594609978829,6010
14999,Człuchowska 01,54.324407040096,18.587121681565,3982
15003,Huenefelda 02,54.319363420091,18.584864254426,3977
15030,Bogatka Bogatka Skrzyżowanie 06,54.329658232234,18.783926766628,5133
15031,Bogatka Bogatka Skrzyżowanie 69,54.3298452438,18.782363212874,5134
15040,Lublewo Gdańskie Polna 01,54.281333436032,18.48885358155,6061
15044,Pruszcz Gdański Batalionów Chłopskich 03,54.244737271537,18.631056411972,5877
15046,Twierdza Wisłoujście 03,54.393265890446,18.677654594953,903
15047,Dambka 01,54.374350808227,18.688854702819,1899
15085,Sopot Żeromskiego 02,54.440509220735,18.551271770797,4027
15094,Jana z Kolna 03,54.362009131976,18.645214487036,303
15095,Baza Rudniki 01,54.34496993495,18.687319030276,399
14697,Węzeł Kliniczna 05,54.376663604412,18.631948362102,157
14722,Kolorowa 02,54.311853103618,18.602247612438,1857
14723,Otomin Dziewicza 01,54.326307595954,18.528702521966,6001
14729,Borkowo Topolowa 01,54.298334291139,18.599191104264,6013
14741,Sulmin Wrzosowe Wzgórze 15,54.314701121917,18.462895122843,7911
14818,Łabędzia 01,54.34710867809,18.572434323112,2259
14820,Stolema 02,54.341433156526,18.570507153506,2256
14821,Zabornia 01,54.338411128045,18.572223944276,2255
14827,Ujeścisko 03,54.331645068933,18.571053713131,2253
14829,Ujeścisko 01,54.331527718659,18.571029867712,2284
14831,Ujeścisko 06,54.331482512527,18.571017150837,3988
14832,Ujeścisko 05,54.331441019573,18.571188804678,3989
14834,Łabędzia 04,54.347332233209,18.572374975746,3996
14838,Zabornia 04,54.33850371403,18.57191078403,3992
14843,Ujeścisko 10,54.331167210903,18.574558303548,223
14844,Ugory eMOCja 03,54.362887948882,18.704815401345,3126
14847,Pokładowa 91,54.394999863882,18.68837153128,9079
14868,Pruszcz Gdański Bohaterów Monte Cassino 02,54.253402316428,18.648891219622,5802
14882,Pruszcz Gdański Kopernika/Kasprowicza 17,54.264543184952,18.665196002252,5863
14886,Pruszcz Gdański Zastawna/Rondo 29,54.240122691087,18.613609002964,5880
14942,Gdynia Bielińskiego 02,54.4567570368,18.443388742262,8213
14944,Chwaszczyno Synaka 04,54.448411774757,18.429299767773,8218
14947,Piotrkowska 03,54.331889622531,18.585022087637,1982
14954,Częstochowska 02,54.331405533382,18.580604949935,2283
14955,Częstochowska 01,54.331329341844,18.580840160767,2282
14959,Kokoszki 03,54.354654745066,18.488722323822,3703
14970,Rozłogi 02,54.363194800061,18.71577410187,7014
14971,Nowosądecka 01,54.328417012038,18.575489285777,3983
14973,Lawendowe Wzgórze 05,54.328716875574,18.571180215518,3985
14977,Przemyska 04,54.333219397488,18.596235293379,2277
14983,Nowy Port Zajezdnia 01,54.397953909595,18.673214371779,7016
14985,Rybołowców 01,54.40266908344,18.665535726489,7019
14989,Borkowo Stylowa 02,54.30266916759,18.579493584093,6006
14993,Borkowo Szkoła 01,54.298723509384,18.595264426257,6011
14994,Borkowo Szkoła 02,54.298893508318,18.595223773773,6012
15002,Huenefelda 01,54.319305793416,18.585129055605,3978
15017,Gdynia Karwiny Nowowiczlińska 55,54.473034555581,18.477428449113,8000
15019,Gdynia Karwiny Nowowiczlińska 04,54.474496042693,18.476381408626,8104
15020,Zbiornik Wody Orunia 02,54.316978197433,18.61998659847,3019
15034,Bąkowo 02,54.292900161225,18.530888770681,6050
15037,Lublewo Gdańskie 02,54.28393719007,18.502969235866,6058
15038,Lublewo Gdańskie 01,54.283993860807,18.49963159644,6059
15039,Lublewo Gdańskie Polna 02,54.28237067727,18.490741749778,6060
15042,Kolbudy 02,54.270338339458,18.470368469645,6066
15081,Knyszyńska 03,54.314087366875,18.602486669259,3025
15083,Letnica Węzeł Harfa 01,54.393099406264,18.639874956085,9989
15084,Sopot Żeromskiego 01,54.440367508884,18.551820047282,4030
15086,Sopot Herberta 01,54.440238359438,18.545457913547,4028
15093,Baza Sztutowska 01,54.352362523626,18.719114614475,388
